PDB Id	Mutated Chain	Mutation_PDB	DDGexp	Location	PremPS	PSSM	DCS	DOMH	SASA_pro	SASA_sol	P_L	P_FWY	P_RKDE	N_Hydro	N_Charg
107L	A	G44S	-0.5	SUR	-0.57	0.0364	-0.5686	0.136	-0.0399	-0.2901	-0.0014	0.0966	0.0994	-0.0398	0.0049
108L	A	I44S	0.3	SUR	0.2	0.3044	-0.7807	0.6259	-0.2077	0.1881	-0.0391	0.0566	0.0179	0.0308	0.0062
109L	A	K44S	0.2	SUR	-0.15	0.0491	-0.3003	-0.028	0.0805	0.1146	-0.0701	-0.0015	0.0299	0.0048	-0.024
110L	A	L44S	0.4	SUR	0.12	0.3117	-0.8106	0.6024	-0.2102	0.1578	-0.0389	0.0372	0.04	0.0205	0.0064
111L	A	N44S	-0.1	SUR	-0.16	0.0649	-0.5203	-0.1385	0.2242	0.1221	-0.011	-0.0043	0.0837	0.0147	0.0046
112L	A	P44S	-3	SUR	-0.15	0.4189	-0.9199	0.007	0.2225	-0.0194	-0.0097	0.0376	0.0877	0.0261	-0.0027
113L	A	R44S	0.2	SUR	-0.03	0.4067	-0.6824	-0.0663	0.0743	0.2175	-0.0392	0.0255	0.0444	6.00E-04	-0.0129
114L	A	T44S	0	SUR	-0.13	0.0516	-0.6872	0.2045	0.2321	-0.0172	-0.0358	0.0264	0.0825	0.0126	-0.0016
115L	A	V44S	0.1	SUR	0.03	0.3469	-0.813	0.4244	-0.1096	0.084	-0.0469	0.071	0.0501	0.0232	-0.0021
118L	A	S130A	1	COR	-0.66	-0.3545	-0.3077	0.2552	-0.253	-0.1527	-0.0164	0.0739	0.0984	0.0166	-0.024
119L	A	S134A	-0.1	SUR	-0.44	0.4907	-0.7695	0.0522	-0.0807	-0.2237	0.0209	0.0494	0.0532	-0.0274	-0.0084
120L	A	S41A	-0.6	SUR	-0.29	0.4	-0.6916	0.018	0.0329	-0.2007	0.0313	0.0744	0.0669	-0.0315	0.0082
122L	A	S73A	-0.4	SUR	0.19	0.3025	0.0781	-0.0617	0.0684	-0.2546	0.0255	0.0373	-0.0634	0.017	0.0389
123L	A	S82A	-0.3	SUR	-0.18	0.0078	-0.2067	0.0651	0.1512	-0.2019	-0.0683	0.0364	0.0477	-0.009	-5.00E-04
125L	A	S98A	-2.5	COR	-1.37	-0.3804	-0.7902	0.2059	-0.332	-0.1169	-0.0568	0.0311	0.1456	-0.0262	-0.047
126L	A	T149V	-2.8	COR	-1.74	-0.2062	-0.9297	-0.4502	-0.3662	-0.0568	0.0501	0.1727	0.1453	-0.0529	-0.045
127L	A	T75V	-1.3	SUR	-0.48	0.466	-0.4283	-0.4598	-0.1039	-0.0075	-6.00E-04	0.0475	0.001	-0.0164	0.0198
128L	A	T87V	-1.6	COR	-1.42	-0.1926	-0.7649	-0.4753	-0.3359	-0.0425	0.0043	0.1741	0.1575	-0.0207	0.0806
137L	A	F44S	0.1	SUR	0.08	0.3533	-0.9095	0.619	-0.2125	0.085	-0.0213	0.0928	0.0716	-0.0093	0.007
1AAR	A	F45W	-0.46	SUR	0.7	-0.2567	0.887	0.4557	-0.1041	0.1115	-0.0979	-0.3587	0.1069	-0.0532	-0.0014
1AAR	A	K27Q	1.91	COR	1.35	-0.0688	1.0171	0.0097	0.2736	0.2049	-0.0794	-0.1803	0.1127	0.0142	0.0468
1AAR	A	K29Q	1.67	COR	1.11	-0.0904	0.9378	0.032	0.0138	0.1521	-0.054	-0.2369	0.1186	0.1451	0.089
1AAR	A	K29N	1.48	COR	1.11	0.2247	0.7673	-0.0234	-0.0047	0.1489	-0.0403	-0.3489	0.1684	0.1346	0.0848
1AAR	A	R72Q	0.33	SUR	0.73	-0.1233	0.8378	0.1036	-0.0813	0.2359	-0.0616	-0.2629	0.1307	-0.0465	5.00E-04
1AAR	A	K6Q	-0.26	SUR	0.48	-0.1078	0.8631	0.0577	-0.1083	0.0785	-0.0749	-0.2675	0.1303	-0.0361	-0.0583
1AAR	A	K6E	-0.53	SUR	0.47	-0.1127	0.8547	0.0847	-0.1157	0.0899	-0.0932	-0.2803	0.1267	-0.0305	-0.0524
1AAR	A	H68Q	-0.55	SUR	0.6	0.2262	0.7636	-0.0537	-0.0297	0.0534	-0.1108	-0.3638	0.1652	-0.0581	0.005
1AAR	A	H68E	-0.77	SUR	0.58	0.2055	0.7889	-0.0051	-0.058	0.0842	-0.1072	-0.4417	0.1661	-0.0488	-7.00E-04
1AAR	A	R42E	-1.63	SUR	0.8	0.2115	0.7329	0.0143	-0.073	0.2263	-0.0684	-0.4407	0.1773	2.00E-04	0.0182
1AJ3	A	P61A	-0.4	SUR	0.43	-0.1336	0.9799	-0.0198	-0.2947	-0.0184	0.0232	-0.0929	0.025	-0.0038	-0.0342
1AJ3	A	Q107A	-0.5	SUR	0.2	0.5344	0.6204	-0.2983	-0.6634	0.0906	0.025	-0.0143	0.0993	-0.1302	-0.0651
1AJ3	A	Q107G	1.3	SUR	0.26	0.5024	0.6841	-0.1591	-0.7464	0.1032	0.0283	-0.0294	0.1178	-0.1493	-0.0915
1AKK	A	L94V	1.2	COR	0.92	-0.519	0.9423	0.2248	0.1398	0.1711	-0.0195	0.0996	-0.0361	-0.0248	-0.0611
1APS	A	E29D	3.47	SUR	0.86	0.55	0.4634	-0.0145	-0.216	0.0585	0.0922	-4.00E-04	-0.1763	0.0678	0.0337
1APS	A	P54A	0.45	SUR	1.04	0.3826	0.8392	-0.1734	0.0396	-0.0453	0.101	-0.0658	-0.0471	0.0376	-0.0269
1APS	A	M61A	3.97	COR	2.63	0.4975	0.8242	0.6156	0.5865	0.0739	0.1852	-0.2061	-0.0816	0.055	0.0806
1APS	A	L65V	5.35	COR	1.52	-0.0626	0.939	0.0378	0.4964	0.1474	0.0713	-0.0397	-0.0426	-0.0046	-0.0205
1APS	A	P71A	1.6	SUR	0.87	0.3982	0.8315	-0.1016	-0.2688	0.0057	0.1088	-0.0138	-0.1169	0.0561	-0.0251
1APS	A	F94L	4.33	COR	2.14	0.6031	0.7809	0.136	0.5027	0.1201	0.133	-0.1255	-0.0991	0.0648	0.0233
1AYF	B	H56Q	1.67	COR	0.79	0.2419	0.7457	-0.0518	0.3464	0.0799	-0.2467	-0.2316	-0.0734	0.0109	-0.0344
1AYF	B	T54A	1.31	COR	0.5	0.4901	0.7028	-0.0054	0.1021	-0.0522	-0.2625	-0.2469	-0.0488	-0.0079	-0.1671
1AYF	B	H56T	1.19	COR	0.59	0.3794	0.7567	-0.3081	0.3143	0.1034	-0.4281	-0.1537	-0.0739	0.0215	-0.0247
1AYF	B	H56R	1.16	COR	0.77	0.4984	0.6846	-0.1818	0.34	0.0919	-0.385	-0.2104	-0.0934	0.0488	-0.0239
1AYF	B	Y82L	0.36	SUR	0.03	0.4835	0.5851	-0.0666	-0.582	0.114	-0.187	-0.2699	-0.0905	-0.0123	0.0547
1AYF	B	Y82S	0.33	SUR	0.47	0.2973	0.6749	0.7201	-0.9451	0.0964	-0.072	-0.3998	-0.0308	0.0201	0.1138
1AYF	B	Y82W	0.21	SUR	-0.02	-0.4759	0.9359	0.1191	-0.4408	0.1126	-0.0599	-0.1344	-0.0897	-0.0111	0.0291
1AYF	B	Y82F	0.01	SUR	-0.03	-0.4392	0.8612	-0.0426	-0.2861	0.1489	-0.0747	-0.1401	-0.0419	-0.0154	0.003
1AYF	B	T54S	-0.05	COR	0.55	0.4313	0.7148	0.0215	0.0943	-0.0539	-0.2157	-0.245	-0.0511	0.0106	-0.1585
1AYF	B	D76E	-0.45	SUR	0.09	-0.3273	0.9289	-0.0317	-0.0449	-0.0617	-0.1347	-0.1909	-0.0873	-0.0099	0.0494
1AYF	B	C95S	-0.96	SUR	0.4	0.2186	0.7016	0.1778	-0.2362	0.0029	-0.1068	-0.3016	-0.0881	0.0043	0.0318
1B5M	A	D60R	-0.14	SUR	0.18	0.5152	0.6208	-0.3404	-0.4574	-0.1634	0.1091	-0.0388	-0.1696	0.0583	0.0477
1B5M	A	P81A	1.51	SUR	0.76	-0.0413	1.0335	-0.0483	-0.1743	0.0238	0.0519	-0.0084	-0.0682	-0.0037	-0.0027
1BNI	A	Y13G	6.4	COR	2.37	0.3888	0.7903	1.0069	-0.2165	0.2415	0.0374	-0.0761	0.1351	0.0233	0.0371
1BNI	A	Q15G	1.6	SUR	1.29	0.3782	0.761	-0.0928	-0.1117	-0.0051	-0.0025	0.1162	0.1613	0.1337	-0.0472
1BNI	A	Q15A	0.2	SUR	1.02	0.4921	0.6354	-0.3113	-0.1586	0.0338	0.0251	0.0553	0.1866	0.0888	-0.0272
1BNI	A	I55G	3.1	SUR	1.58	0.5247	0.6322	0.8624	-0.8682	0.0946	-0.0283	0.1552	0.1386	0.0435	0.0248
1BNI	A	R72G	2.5	SUR	1.9	0.6268	0.6884	0.1355	-0.3091	0.3904	0.0052	0.1811	0.1398	0.0104	0.0329
1BNI	A	E73G	5.4	COR	2.04	0.5439	0.9596	-0.3488	0.2929	0.1613	0.0862	0.0747	0.1802	0.0833	0.0111
1BNI	A	I88G	7.4	COR	3.24	0.8032	0.7979	0.9467	0.618	0.124	-0.0181	-0.1427	0.0613	-0.0334	0.085
1BNI	A	L89G	7	COR	3.27	0.7976	0.7801	0.9614	0.6206	0.1515	-0.0135	-0.1364	0.0667	-0.039	0.0816
1BNI	A	L95G	4.7	SUR	2.25	0.4607	0.7693	0.9882	-0.2	0.1373	0.0364	-0.1227	0.149	-0.0069	0.0395
1BNI	A	I96G	5.7	COR	3.09	0.5016	0.8861	0.942	0.6449	0.1667	6.00E-04	-0.139	0.0677	-0.0656	0.0885
1BNI	A	Y97G	6.6	COR	2.77	0.9111	0.7101	0.9797	-0.1881	0.2037	0.0173	-0.0634	0.1351	0.0344	0.0347
1BNI	A	T100G	2.8	SUR	1.1	-0.0774	0.8759	0.1671	-0.1311	-0.0458	-0.0143	0.1222	0.11	0.0938	-0.0049
1BNI	A	G52V	8.4	COR	1.82	0.4582	1.3028	-0.4954	0.1829	-0.0733	-0.0297	0.2278	0.1741	0.0347	0.0396
1BNI	A	G53V	7.8	COR	1.83	0.574	1.2049	-0.4689	0.0864	-0.0259	-0.0404	0.2556	0.179	0.0129	0.0538
1BNI	A	G52A	5.3	COR	1.63	-0.0117	1.4327	-0.1497	0.1642	-0.2204	0.0178	0.2014	0.1128	0.032	0.0478
1BNI	A	D75N	4.9	COR	1.39	0.4347	0.7398	-0.3653	0.5082	-0.3338	0.0092	0.1339	0.1411	0.1889	-0.0624
1BNI	A	A32P	4.1	SUR	0.69	0.5523	0.3895	0.0836	-0.2891	-0.2283	0.0297	0.048	0.1406	-0.0039	-0.0369
1BNI	A	T6P	3.08	SUR	1.11	0.4969	0.3698	0.0102	-0.1109	-0.0111	-0.0167	0.1046	0.1976	0.0023	0.0715
1BNL	A	D76A	0.82	SUR	0.43	0.5057	0.8193	-0.4568	0.1218	-0.2776	-0.1731	0.008	-0.1349	0.0373	-0.0167
1BPI	A	P13A	1.4	SUR	1.29	0.4995	0.7721	-0.1021	-0.2509	-0.0495	0.2943	0.2341	-0.17	0.0666	7.00E-04
1BPI	A	P13S	1.4	SUR	1.3	0.3789	0.7788	0.0298	-0.2515	-0.0543	0.2952	0.2386	-0.1546	0.0461	-0.0034
1BPI	A	Y35L	3.7	COR	2.27	0.5594	0.8506	0.0045	0.1569	0.2042	0.4728	0.1717	-0.1438	0.0088	-0.0121
1BPI	A	F45A	6.9	COR	2.82	0.8886	0.7493	0.9079	-0.0772	0.0999	0.2204	0.0957	-0.1127	0.0454	0.0044
1BPI	A	Y23A	5.9	COR	3.62	0.8035	0.8574	0.9831	0.3733	0.1707	0.3784	0.1876	-0.058	-0.1031	0.0251
1BPI	A	N43G	5.7	COR	2.63	0.5521	0.7721	-0.2619	0.4807	0.162	0.6545	0.2537	-0.0902	0.0335	0.0778
1BPI	A	N44A	3.3	COR	2.25	0.5156	0.7863	-0.3053	0.2085	0.1192	0.6539	0.2761	-0.1267	0.0461	0.0783
1BPI	A	F4A	3	COR	2.43	0.2973	0.7524	0.9105	0.1754	0.0898	0.1575	0.0791	-0.0855	0.0341	0.0183
1BPI	A	N24A	2.2	SUR	1.39	0.4699	0.7319	-0.2409	-0.107	0.1032	0.4751	0.2312	-0.15	-0.1058	-0.0135
1BPI	A	G36A	2.1	COR	2.16	0.6024	0.908	-0.1875	0.3348	-0.2008	0.395	0.3498	-0.0304	-0.0138	0.0043
1BPI	A	I19A	2.1	SUR	0.76	0.4753	0.0926	0.656	-0.6647	0.1385	0.1752	0.0593	-0.1015	-0.039	-0.0328
1BPI	A	G12A	1.8	SUR	2.28	0.572	0.933	-0.1313	0.1218	-0.1289	0.4124	0.3856	-0.084	0.094	0.1092
1BPI	A	R20A	1.8	COR	1.7	0.4361	0.7701	-0.1968	-0.043	0.3249	0.3303	0.2367	-0.1125	0.0032	-0.0448
1BPI	A	M52A	1.7	SUR	0.93	0.5346	0.6684	0.5802	-1.01	0.0918	0.1011	0.0113	-0.0897	0.0263	0.0197
1BPI	A	S47A	1.6	SUR	0.74	0.578	0.3571	-0.1538	0.0503	-0.2831	0.1404	0.0954	-0.0878	-0.0126	0.0564
1BPI	A	E7A	1.5	SUR	0.89	0.3748	0.7035	-0.4072	-0.1571	0.0472	0.2318	0.2661	-0.17	0.0275	-0.0253
1BPI	A	I18A	1.5	SUR	1.33	0.5654	0.3991	0.7288	-0.4793	0.1268	0.1947	-0.0422	-0.1352	-0.0417	0.0105
1BPI	A	P2A	1.3	SUR	1.19	0.4818	0.7911	-0.1233	-0.2623	1.00E-04	0.3094	0.2142	-0.1669	0.0201	-0.0701
1BPI	A	V34A	1.2	SUR	1.04	0.4709	0.5876	0.5568	-0.5219	0.0105	0.1735	-0.0682	-0.1389	-0.0391	0.0087
1BPI	A	Y10A	1.2	SUR	1.21	0.2791	0.6193	0.7168	-0.7454	0.1934	0.1388	0.0969	-0.1084	-0.0249	0.0446
1BPI	A	G28A	1	SUR	1.61	0.5233	0.8518	-0.1043	-0.0825	-0.1324	0.3332	0.3239	-0.1011	0.0381	-0.0373
1BPI	A	Q31A	1	SUR	1.11	0.499	0.6866	-0.2389	-0.2082	0.0133	0.2747	0.2567	-0.1935	0.0452	-0.0216
1BPI	A	P9A	0.8	SUR	1.26	-0.0573	1.0615	-0.0645	-0.0798	-0.0173	0.2584	0.1921	-0.0907	-4.00E-04	0.0556
1BPI	A	L6A	0.6	SUR	0.77	0.2661	0.6172	0.6533	-0.953	0.1171	0.111	-0.0143	-0.1055	0.0489	0.0304
1BPI	A	R1A	0.5	SUR	0.32	0.5006	0.6595	-0.1462	-0.7636	0.1477	0.1918	0.0201	-0.2194	0.0713	-0.1461
1BPI	A	R42A	0.5	SUR	0.26	-0.328	0.7625	-0.0288	-0.3836	0.2234	0.1011	-0.0428	-0.071	0.0041	0.0204
1BPI	A	D50A	0.4	SUR	0.99	0.0059	1.0444	-0.2066	-0.1191	0.0098	0.1723	0.1705	-0.1004	0.0047	0.0126
1BPI	A	K15A	0.4	SUR	0.38	0.5097	0.7197	-0.2275	-0.7488	0.1082	0.19	0.0408	-0.2094	0.0139	-0.0129
1BPI	A	K41A	0.4	SUR	0.83	0.5	0.701	-0.2075	-0.5016	0.1262	0.2343	0.1099	-0.207	0.0354	0.0383
1BPI	A	P8A	0.3	SUR	0.78	0.4665	0.7071	-0.1032	-0.4343	-0.0289	0.2171	0.1148	-0.2007	0.0376	8.00E-04
1BPI	A	R17A	0.3	SUR	0.26	-0.0632	0.6704	-0.0622	-0.4872	0.1783	0.1133	-0.0528	-0.0689	0.045	-0.0158
1BPI	A	E49A	0.2	SUR	0.26	0.3498	0.6989	-0.3323	-0.636	0.0923	0.1491	0.0082	-0.2022	0.0826	0.0494
1BPI	A	G56A	0.2	SUR	0.16	-0.4572	0.8844	-0.0631	0.0476	-0.3069	0.0317	0.0355	-0.0395	0.0286	-0.0038
1BPI	A	G57A	0.2	SUR	-0.09	-0.4456	0.7343	-0.0749	0.0419	-0.3042	0.0104	0.0081	-0.0361	-0.0131	-0.0068
1BPI	A	R53A	0.1	SUR	0.06	-0.0987	0.825	-0.0783	-0.6447	0.1476	0.1365	-0.1136	-0.1207	0.0264	-0.0168
1BPI	A	T32A	0.1	SUR	0.51	0.4127	0.3462	0.0591	-0.3281	-0.0458	0.2022	0.0464	-0.162	-0.0095	-0.0135
1BPI	A	T54A	0.1	SUR	0.86	-0.357	1.0383	0.121	-0.1288	-0.0495	0.2263	0.0962	-0.081	0.0123	-0.0164
1BPI	A	K26A	0	SUR	0.18	0.2622	0.4949	-0.1667	-0.5407	0.1312	0.1367	-0.0439	-0.0877	0.0171	-0.0266
1BPI	A	L29A	0	SUR	0.57	0.1817	0.1583	0.593	-0.5373	0.1242	0.1037	0.0696	-0.0634	-0.0501	-0.0093
1BPI	A	R39A	0	SUR	0.29	0.3521	0.6805	-0.1413	-0.8147	0.1774	0.1886	-0.0418	-0.1844	0.0305	0.0387
1BPI	A	T11A	0	SUR	0.75	-0.0436	0.6933	0.0854	-0.1385	-0.0429	0.1704	0.0914	-0.1252	0.023	0.0344
1BPI	A	K46A	-0.1	SUR	0.43	0.4904	0.5384	-0.2431	-0.5893	0.117	0.1878	0.0258	-0.1626	0.0362	0.0305
1BPI	A	D3A	-0.2	SUR	-0.45	-0.2388	-0.0162	-0.2471	0.2073	0.0258	-0.0669	-0.0975	-0.0029	-0.0254	0.0091
1BPT	A	A23Y	-5.9	COR	-3.36	-0.3556	-1.0321	-1.0257	-0.4429	-0.2317	-0.2595	-0.0172	0.0032	0.0397	-0.0429
1C2R	A	G34S	2.2	COR	1.24	0.58	0.936	-0.1654	0.1211	-0.2406	0.0984	-0.0762	-0.0568	0.0513	-0.0112
1C2R	A	P35A	2	COR	1.4	0.4813	0.8827	-0.2329	0.1753	0.0112	0.1448	-0.1076	-0.034	0.082	-0.0066
1C2R	A	K12D	1.3	SUR	0.95	0.5044	0.7611	0.1085	-0.4453	0.1072	-0.0033	-0.0173	-0.1637	0.0523	0.044
1C2R	A	K14E	1.3	SUR	0.63	0.5024	0.6622	0.0038	-0.5508	0.0928	0.0242	0.0062	-0.1904	0.0496	0.0332
1C2R	A	K32E	-0.2	SUR	0.27	0.5001	0.6766	0.0074	-0.765	0.0548	0.0239	0.0039	-0.2121	0.0113	-0.0292
1CTW	A	A78I	-1.2	COR	-2.07	-0.3966	-0.6877	-1.0756	-0.344	-0.2124	0.1853	0.1884	0.1031	0.0944	0.0726
1CU0	A	M78I	-1.5	COR	-0.8	-0.2903	-0.5055	-0.0604	-0.1876	0.1492	-0.0716	0.0603	0.0935	0.0278	-0.0104
1CU2	A	M84L	-1.9	COR	-0.09	0.558	-0.8959	-0.1544	0.1554	0.1877	-0.004	0.0647	0.0086	0.0063	-0.0171
1CU3	A	M87V	-2.3	COR	-0.89	-0.1986	-0.8361	0.1119	-0.2292	0.1297	-0.0551	0.0375	0.1013	0.0076	0.039
1CU5	A	M91L	-0.8	COR	-0.34	-0.3007	-0.3734	0.0821	-0.2169	0.1754	0.0247	0.0983	0.1161	0.0315	0.0213
1CU6	A	A91L	-3.9	COR	-2.04	-0.3755	-0.5401	-1.1278	-0.1111	-0.2184	-0.0732	0.205	0.1265	0.0539	0.0236
1CUP	A	M100I	-1.6	COR	-0.52	-0.3039	-0.3239	0.0082	-0.1972	0.1865	-0.0359	0.0769	0.103	-0.0044	-0.0296
1CUQ	A	M103V	-1.2	COR	-0.47	-0.1361	-0.4897	0.1142	-0.2428	0.1448	-0.0578	0.0778	0.1373	-0.0196	-4.00E-04
1CV0	A	M104F	-0.4	COR	-1.29	-0.3209	-0.9141	-0.3127	0.0223	0.2621	-0.1202	0.003	0.1225	-0.0386	0.0056
1CV1	A	M111V	-0.7	COR	-0.37	0.0993	-0.6633	0.0406	-0.1669	0.1297	-0.0416	0.0567	0.059	0.0156	0.1049
1CV3	A	M121L	-0.8	COR	-0.19	-0.4722	0.3272	-0.1227	-0.0142	0.1311	-0.0248	-0.0138	-0.0195	0.0057	0.0121
1CV4	A	M118L	-0.7	COR	-0.67	-0.4095	-0.4412	0.0486	-0.237	0.1873	0.0436	0.0885	0.0943	-0.0248	-0.0149
1CV5	A	M133L	-0.4	COR	-0.36	-0.2983	-0.1907	0.0578	-0.2391	0.1662	0.0438	0.0687	0.0921	-0.0494	-0.0072
1CV6	A	M149V	-2.8	COR	-1.04	-0.201	-0.8537	0.0995	-0.2571	0.1329	-0.0668	0.0234	0.113	-0.0119	-0.0167
1CVK	A	A118L	-3.2	COR	-2.09	-0.3791	-0.8189	-1.0755	0.0914	-0.1867	-0.0408	0.2645	0.1003	-0.0737	0.0253
1CYO	A	S71L	-0.8	COR	-1.2	-0.4066	0.2369	-0.9819	-0.0884	-0.255	0.1603	0.0706	0.1127	-0.0069	-0.0368
1CYO	A	F35H	2.82	COR	1.99	0.5307	0.8116	1.0089	-0.116	0.1451	-0.2368	-0.0762	-0.0486	-0.0418	0.0121
1CYO	A	V45E	2.37	SUR	1.84	0.8398	0.6796	0.8324	-0.5215	0.0175	-0.0216	-0.0319	-0.0924	0.056	0.085
1CYO	A	V61K	2.37	SUR	1.02	0.5393	0.6619	0.6386	-0.9236	0.0338	0.0401	-0.0078	-0.0381	0.0349	0.0367
1CYO	A	V45G	1.91	SUR	1.72	0.8604	0.7459	0.6808	-0.5232	0.0278	-0.0319	-0.0461	-0.1162	0.0594	0.0632
1CYO	A	F35L	1.87	COR	1.14	0.4822	0.6874	0.0969	0.0633	0.1173	-0.1699	-0.0543	-0.0761	0.0483	-0.0569
1CYO	A	V45H	1.46	SUR	1.49	0.5118	0.7721	0.6915	-0.5431	0.0153	0.0285	-0.0336	-0.0934	0.0595	0.0787
1CYO	A	V61H	1.62	SUR	0.4	-0.5537	0.9253	0.4901	-0.5943	0.0772	0.026	0.0112	0.0127	0.0144	-0.0043
1CYO	A	V45Y	1.55	SUR	0.73	0.5107	0.7883	-0.4213	-0.2127	0.0461	-0.0148	0.0069	-0.1964	0.0659	0.1602
1CYO	A	V61Y	1.32	SUR	0.3	0.2457	0.7805	-0.3018	-0.4308	0.07	0.041	0.0364	-0.1485	-0.0124	0.0209
1CYO	A	V61E	1.08	SUR	1.08	0.4606	0.6684	0.7632	-0.9361	0.0281	0.051	9.00E-04	-0.0341	0.0348	0.0396
1CYO	A	V45T	0.96	SUR	0.95	0.2594	0.7578	0.3702	-0.436	0.0038	0.0652	-0.0114	-0.1058	0.0357	0.0129
1CYO	A	F35Y	-0.79	COR	1.32	-0.544	1.249	0.0961	0.1326	0.1812	0.0487	0.0152	0.0574	0.1021	-0.0168
1D2W	A	M27I	-3.1	COR	-1.4	-0.3345	-0.8308	-0.0491	-0.3459	0.0922	-0.0867	0.0382	0.1266	0.015	-0.0294
1D2Y	A	M50I	-0.4	COR	-0.46	0.4175	-0.8856	-0.1354	-0.0328	0.1592	-0.0294	0.061	0.026	0.001	-0.0385
1D3J	A	M66L	-1	COR	-0.74	-0.3815	-0.4646	0.0602	-0.2585	0.1974	-0.0229	0.0701	0.0864	-0.0353	0.0055
1DIV	A	M1G	2.36	SUR	1.99	0.9391	0.7243	0.7913	-0.4985	0.104	-0.0072	0.0822	-0.1805	0.052	-0.0127
1DIV	A	M1A	1.46	SUR	1.4	0.5697	0.7142	0.5815	-0.5061	0.101	-0.0027	0.0889	-0.1599	0.0282	-0.0179
1DIV	A	V3I	0.31	COR	0.04	-0.5151	0.716	-0.2776	0.2162	0.1301	-0.1216	-0.1229	0.0339	-0.025	0.0067
1DIV	A	V3L	2.21	COR	1.14	0.1673	0.7439	-0.3444	0.5216	0.1342	0.0044	-0.1067	0.0049	0.0194	-0.0017
1DIV	A	V3A	2.55	COR	2.64	0.5584	0.639	0.5606	0.6704	0.1425	-0.0442	0.2458	-0.1244	0.0276	-0.0314
1DIV	A	I4V	0.59	COR	0.83	-0.3155	0.7647	0.2173	0.1268	0.1763	-0.0182	-0.1364	-0.0368	0.0223	0.0317
1DIV	A	I4A	2.22	COR	3.03	0.4447	0.9087	0.943	0.3985	0.1996	0.0582	0.1313	-0.048	0.008	-0.0116
1DIV	A	L6I	0.13	SUR	0.36	-0.0405	0.6179	0.0264	-0.1178	0.1162	-0.0112	-0.1496	-0.1025	0.0191	-0.001
1DIV	A	L6V	0.41	SUR	0.59	0.3648	0.5544	0.0222	-0.2067	0.0533	-1.00E-04	-0.0535	-0.1874	0.0101	0.0359
1DIV	A	L6A	3.1	SUR	1.74	0.516	0.7061	0.7755	-0.4842	0.0872	0.0152	0.096	-0.1212	0.0364	0.1154
1DIV	A	K7M	-0.35	SUR	0.06	0.5184	0.7148	-0.619	-0.3085	0.081	-0.008	-0.0111	-0.317	0.0048	0.0088
1DIV	A	D8N	0.3	SUR	0.1	-0.05	0.8382	-0.1532	-0.3699	-0.0516	0.0217	-0.1706	-0.0684	-7.00E-04	0.1039
1DIV	A	K10M	-0.05	SUR	0.13	0.5095	0.6666	-0.6197	-0.3467	0.0886	-0.0032	-0.0153	-0.2663	0.0023	0.116
1DIV	A	K12M	-1.9	SUR	-0.03	0.2044	0.5124	-0.5746	-0.2211	0.1178	0.0076	-0.0476	-0.1188	-0.0103	0.1028
1DIV	A	K14M	-0.01	SUR	0.21	0.5059	0.6943	-0.6332	-0.29	0.0913	-0.0135	-0.0097	-0.269	0.0063	0.1274
1DIV	A	K15M	0.31	SUR	0.11	-0.0827	0.8947	-0.5693	-0.2009	0.1191	0.0142	-0.0674	-0.1183	0.009	0.1089
1DIV	A	E17Q	0.21	SUR	0.41	-0.3415	0.829	-0.1225	-0.0818	0.14	-0.0092	-0.1208	0.0058	0.0065	0.1078
1DIV	A	V21I	0.4	COR	0.33	-0.0246	0.5402	-0.2913	0.1692	0.1348	-0.036	-0.1432	-0.021	0.0306	-0.0248
1DIV	A	V21L	1.23	COR	1.29	0.4161	0.6916	-0.3806	0.4354	0.0809	0.029	-0.0565	0.016	0.0272	0.0318
1DIV	A	V21A	2.33	COR	2.11	0.2772	0.7105	0.5148	0.4015	0.1122	-0.0286	0.1582	-0.0154	0.0209	-0.0402
1DIV	A	D23N	0.72	SUR	0.07	-0.041	0.878	-0.1391	-0.3328	-0.0431	0.0092	-0.1624	-0.1191	0.0321	-0.0113
1DIV	A	D23A	0.49	SUR	0.08	0.3544	0.6848	-0.2787	-0.3544	-0.1118	-0.0109	-0.0793	-0.2042	0.0609	0.0241
1DIV	A	L30V	3.62	COR	1.5	0.4044	0.6618	-0.1432	0.422	0.1577	0.047	-0.0107	-0.0042	-0.0175	-0.0169
1DIV	A	L30A	2.76	COR	3.01	0.4945	0.8752	0.9162	0.4499	0.15	0.0333	0.1129	-0.0642	0.0479	-0.001
1DIV	A	E38Q	0.56	SUR	0.22	0.2398	0.5085	-0.1503	-0.2317	0.1163	0.0227	-0.1035	-0.1733	0.0023	-0.0095
1DIV	A	E48Q	-0.03	SUR	0.1	-0.3572	0.7345	-0.1295	-0.0917	0.1544	-0.02	-0.1159	-0.014	-0.081	0.0176
1DIV	A	E54Q	-0.33	SUR	0.06	-0.3342	0.7307	-0.1175	-0.1096	0.1446	-0.0186	-0.1101	-0.0343	-0.0948	0.0021
1DIV	A	H106Q	0.95	SUR	0.28	0.3945	0.6904	-0.0194	-0.1528	0.0612	-0.2297	-0.3471	-0.1499	-0.0249	0.061
1DIV	A	H134Q	0.66	SUR	0.31	0.4801	0.7029	-0.0271	0.0026	0.0863	-0.3582	-0.3231	-0.1488	0.0175	-0.1244
1DIV	A	H144Q	0.69	SUR	0.34	-0.3136	0.8932	0.112	-0.0329	0.0865	-0.1316	-0.206	-0.0534	0.0102	-0.0275
1EL1	A	H21G	0.48	SUR	0.29	0.2588	0.4865	0.0168	-0.4237	0.0915	-0.01	0.0269	-0.1594	0.0285	-0.0251
1EL1	A	V109K	0.43	SUR	0.55	-0.2718	0.965	0.5639	-0.6484	0.0363	0.0026	-0.0106	-0.0823	-0.0269	0.0232
1EL1	A	A93S	0.26	SUR	-0.03	0.3786	-0.4281	0.146	0.1198	-0.2419	0.018	0.0208	-0.0123	-1.00E-04	-0.0283
1EL1	A	I56L	0.24	COR	0.65	-0.3374	0.7389	-0.1326	0.3121	0.1873	-0.1058	0.0156	-0.0536	0.0162	0.014
1EY0	A	P117A	-0.8	SUR	1.42	0.4747	0.9507	-0.1257	-0.112	-0.0676	0.0607	0.039	0.175	-0.0123	0.0407
1EY0	A	P117G	-0.9	SUR	1.23	0.2173	1.0456	-0.0451	-0.192	-0.007	0.0459	0.0118	0.1426	-0.0137	0.0245
1EY0	A	P117T	-1.1	SUR	1.34	0.3881	1.0134	-0.139	-0.1127	-0.0549	0.052	0.0257	0.1648	-0.0268	0.0269
1FAN	A	A45F	-6.9	COR	-2.73	-0.3562	-0.8588	-0.9694	-0.0182	-0.2046	-0.2878	-0.0159	0.0525	-0.1023	0.0272
1FLV	A	F7L	0.04	COR	2.32	0.5175	0.8477	0.0611	0.6788	0.1757	0.0109	-0.1114	0.0415	0.0277	0.0753
1FLV	A	V18I	-1.03	COR	-0.2	-0.5699	0.6332	-0.2611	0.1631	0.0562	0.0249	-0.1343	-0.061	-0.0326	-0.0195
1FLV	A	V18L	-0.6	COR	0.85	0.5113	0.2018	-0.3625	0.4894	0.1029	0.0456	-0.0426	-0.0159	-0.0374	-0.0395
1FLV	A	H34A	0.83	COR	1.25	0.5001	0.7316	-0.2204	0.0845	0.1942	0.0347	0.0682	-0.0346	-0.0812	-0.0261
1FLV	A	Y47F	0.59	COR	1.01	-0.5603	1.1528	-0.1404	0.1196	0.1903	0.0495	-0.0016	-0.0111	0.1262	0.0832
1FLV	A	V83I	-0.13	COR	0.02	-0.4843	0.6098	-0.2942	0.2009	0.0684	0.0245	-0.1016	-0.0408	0.0412	-0.0062
1FLV	A	G87A	0.13	COR	1.96	0.5008	0.9997	-0.2596	0.5358	-0.2857	0.0802	0.1165	0.1078	0.1248	0.0355
1FLV	A	G87V	0.13	COR	1.94	0.5087	1.1008	-0.5407	0.4552	-0.0971	0.0731	0.1283	0.1818	0.1124	0.0196
1FLV	A	G87L	0.64	COR	1.8	0.5176	1.1171	-0.6775	0.443	-0.1026	0.0724	0.1524	0.1637	0.0923	0.0209
1FLV	A	A101V	0.32	COR	1.46	0.5037	0.9918	-0.422	0.4842	-0.1878	0.0646	0.1232	0.1649	-0.1704	-0.09
1FLV	A	A101L	-0.08	COR	1.46	0.7354	0.969	-0.7288	0.4879	-0.1853	0.0446	0.176	0.1645	-0.1315	-0.0706
1FNF	A	L1408P	0.02	SUR	-0.02	-0.4985	-0.7945	0.5464	0.1419	0.1868	0.0245	0.0782	0.2413	0.0032	0.0501
1FTG	A	V18I	-0.27	COR	-0.33	-0.5866	0.6486	-0.2472	0.085	0.0164	-0.0853	-0.066	-0.0629	-0.0203	-0.0092
1FTG	A	I21A	0.02	SUR	0.76	0.5004	-0.1403	0.6991	-0.6139	0.144	-0.0111	-0.0092	0.1401	0.0218	0.032
1FTG	A	I21G	-0.01	SUR	1.16	0.5977	0.5434	0.7672	-0.9623	0.1099	-0.0322	-0.0157	0.0867	0.0277	0.039
1FTG	A	L50A	-0.05	COR	2.39	0.4762	0.6249	0.9166	0.3609	0.1501	-0.029	-0.1299	-0.1514	0.0805	0.0876
1FTG	A	G68A	-0.45	SUR	0.11	-0.0724	0.4847	-0.1318	0.0794	-0.2779	-0.0044	-0.007	0.0427	-0.0044	7.00E-04
1FTG	A	V83I	-0.06	COR	-0.1	-0.4799	0.622	-0.293	0.1755	0.0655	-0.1298	-0.0593	-0.0356	0.0591	-0.0265
1FTG	A	A101V	-0.22	COR	1.1	0.6198	1.0083	-0.4683	0.204	-0.1656	-0.0174	-0.0028	0.136	-0.1167	-0.0922
1FTG	A	E107A	-0.23	SUR	0.32	0.3568	0.7094	-0.3348	-0.5635	0.1005	0.008	-0.0128	0.0731	-0.0146	-4.00E-04
1FTG	A	Q111G	-0.1	SUR	0.22	0.185	0.6634	-0.0799	-0.5578	0.056	-0.009	-0.0196	0.0089	-0.0192	-0.0115
1G06	A	S149V	-4.4	COR	-2.28	-0.1324	-0.9834	-0.8648	-0.2728	-0.2655	0.1962	0.1782	0.0228	-0.0945	-0.0681
1G0G	A	A152T	-1.5	COR	-0.41	0.5276	-0.8174	0.0633	0.022	-0.2505	0.0263	0.0142	0.0726	-0.0487	-0.0154
1G0K	A	C152T	-0.5	COR	0.08	0.5467	-0.9111	0.2999	0.1174	0.0467	-0.0272	0.0486	-0.0021	-0.0394	0.0032
1G0L	A	V152T	0.2	COR	1.41	0.4262	0.0363	0.4337	0.6098	0.0857	0.0096	-0.0816	-0.0612	0.0094	-0.0607
1G0M	A	I152T	-0.4	COR	1.71	0.4559	-0.1207	0.8644	0.6126	0.1516	-0.0511	-0.0637	-0.0873	-0.0212	-0.0342
1G0P	A	G149V	-4.9	COR	-2.34	0.1952	-1.0786	-0.82	-0.493	-0.3612	0.1005	0.1669	0.0129	-0.0328	-0.034
1G0Q	A	I149V	-0.1	COR	-0.25	-0.137	-0.5063	0.2892	-0.046	0.1933	-0.0649	0.0328	0.0591	-0.0371	-0.0379
1G1V	A	T58I	-3.4	COR	-2.36	-0.3333	-0.7546	-1.0802	-0.4709	-0.0595	0.194	0.1854	0.0137	-0.0918	0.0361
1G1W	A	M105Q	-1.2	SUR	-0.48	-0.5662	-0.8699	0.6234	0.2418	0.1453	-0.0272	-0.0862	0.0744	-0.0595	0.044
1G6N	A	S128P	-0.14	COR	0.7	0.6007	0.852	-0.0789	0.0222	-0.2231	-0.4284	-0.0164	-0.0461	-0.0406	0.0551
1HNG	A	L16V	2.2	COR	1.78	0.2153	0.4105	0.0386	0.5214	0.2501	0.0817	-0.0013	0.1616	0.0578	0.0489
1HNG	A	I18V	1.17	COR	0.67	-0.3732	0.4242	0.2435	0.1092	0.1569	0.0474	-0.0403	0.0738	0.0019	0.0258
1HNG	A	V30A	4.88	COR	2.47	0.5472	0.6115	0.549	0.6145	0.1455	-0.0748	0.0456	0.0795	0.0174	-0.0666
1HNG	A	A40G	1.71	COR	1.5	0.2339	0.7879	0.1415	0.4288	-0.2683	0.11	-0.0262	0.1059	-0.0966	0.0844
1HNG	A	L50V	-0.37	SUR	0.65	0.4681	0.0409	0.0357	-0.1017	0.1044	0.0372	-0.0483	0.1298	4.00E-04	-0.0166
1HNG	A	I57V	0.43	COR	0.17	-0.3696	0.2231	0.3508	-0.1105	0.1567	-0.0475	-0.0349	-0.0429	0.0157	0.0324
1HNG	A	Y76F	1.49	COR	1.55	-0.0712	1.1638	-0.2095	0.4029	0.2157	0.0236	-0.066	0.1519	-0.101	0.0353
1HNG	A	V78A	3.01	COR	1.58	-0.6184	0.9448	0.5319	0.3774	0.0906	0.0927	-0.0221	0.0918	0.0117	0.0778
1HNG	A	L89V	0.14	COR	1.5	-0.0499	0.7234	0.1308	0.1672	0.202	0.0863	-0.0083	0.1597	0.0507	0.0352
1HNG	A	L95V	0.75	COR	1.65	-0.0697	0.6942	0.1414	0.3787	0.2118	0.0927	-0.0241	0.1576	0.0162	0.0478
1HZ6	A	V4A	1.32	COR	1.58	0.0268	0.8845	0.4692	0.1483	0.0548	0.0471	-0.105	-0.0554	0.0063	0.1052
1HZ6	A	T5A	1.76	SUR	1	0.2358	0.9108	0.0065	-0.0693	-0.0542	0.0415	0.095	-0.082	0.0107	-0.0902
1HZ6	A	I6A	4.5	COR	3.18	0.3807	0.9643	0.9463	0.7006	0.2109	0.1175	-0.1677	-0.0892	0.0514	0.0642
1HZ6	A	K7A	0.9	SUR	0.71	0.3913	0.7202	-0.1646	-0.2483	0.0866	0.0075	0.1147	-0.187	0.0202	-0.0318
1HZ6	A	A8G	2.35	COR	1.59	0.2881	1.1028	0.1187	0.3575	-0.2122	0.0763	0.0039	0.0014	0.0352	-0.1852
1HZ6	A	N9A	1.75	SUR	1.32	0.5277	0.799	-0.2383	0.058	0.1058	0.1054	0.039	-0.1155	0.015	0.0259
1HZ6	A	L10A	2.69	COR	3.1	0.4889	0.8904	0.964	0.6284	0.1211	0.1793	-0.1726	-0.1056	0.0195	0.0848
1HZ6	A	I11A	1.26	SUR	1.37	0.27	0.7503	0.7906	-0.4794	0.1573	0.0225	-0.0658	-0.1253	0.053	-4.00E-04
1HZ6	A	I11V	0.43	SUR	0.59	-0.4733	0.8049	0.2235	-0.1072	0.1684	-0.0374	0.0892	-0.0858	0.0231	-0.0192
1HZ6	A	F12A	2.91	COR	2.38	0.4523	0.8567	0.9432	-0.0566	0.1092	0.1495	-0.0879	-0.083	0.0506	0.0509
1HZ6	A	F12L	0.55	COR	1.41	0.166	0.8384	0.1233	0.2297	0.0895	0.0976	-0.0381	-0.0776	-0.0147	-0.004
1HZ6	A	A13P	0.05	SUR	1.31	0.4269	0.9706	0.0493	-0.0995	-0.1723	0.0604	0.1236	-0.0551	0.0178	-0.0147
1HZ6	A	A13V	1.08	SUR	0.61	0.2525	1.0554	-0.484	0.0143	-0.1472	0.0185	0	-0.1543	0.0369	0.0187
1HZ6	A	N14A	1.72	SUR	0.29	0.5038	0.6916	-0.2099	-0.6671	0.1113	0.0307	-0.0263	-0.1725	0.07	-0.0367
1HZ6	A	G15A	1.58	SUR	0.94	0.285	1.0672	-0.0967	-0.0542	-0.1673	0.0862	0.089	-0.0943	-0.008	-0.1664
1HZ6	A	G15V	2.7	SUR	0.71	0.5477	0.9805	-0.5217	0.0375	-0.0805	0.0709	0.006	-0.2155	0.0198	-0.1369
1HZ6	A	S16A	0.22	SUR	0.6	-0.0803	0.953	0.0095	-0.0669	-0.2313	0.0277	0.0747	-0.0844	0.04	-0.0371
1HZ6	A	T17A	1.17	SUR	0.41	0.2118	0.8276	0.0697	-0.4761	-0.0583	-0.0021	0.0372	-0.2047	0.0247	-0.0152
1HZ6	A	T19A	1.01	SUR	0.76	0.2165	0.8422	0.0722	-0.2695	-0.0491	-0.0039	0.099	-0.1628	0.0503	-0.0359
1HZ6	A	A20G	2.15	COR	1.49	0.2551	1.0572	0.0888	0.1474	-0.1753	0.0926	0.0331	-0.0068	0.0663	-0.0667
1HZ6	A	A20V	-1.12	COR	0.9	0.2483	1.1758	-0.5252	0.115	-0.1819	0.0662	-0.009	-0.0914	0.1177	-0.0141
1HZ6	A	E21A	0.66	SUR	0.1	0.3599	0.6785	-0.3673	-0.4842	0.0895	-0.0036	-0.0195	-0.1957	0.0749	-0.0315
1HZ6	A	F22A	5.25	COR	2.05	0.4525	0.7707	0.9632	-0.1498	0.1126	0.0981	-0.0793	-0.1161	-0.0129	0.0155
1HZ6	A	F22L	3.27	COR	1.25	0.1919	0.8196	0.1322	0.075	0.0886	0.068	-0.0176	-0.096	0.0127	-0.0256
1HZ6	A	K23A	0.93	SUR	0.12	0.3662	0.6935	-0.1592	-0.6944	0.0693	0.0012	-0.0183	-0.207	0.099	-0.0289
1HZ6	A	G24A	1.94	COR	1.45	0.2647	1.1821	-0.1723	0.3142	-0.2384	0.1016	0.0117	-0.0234	0.0086	0.0054
1HZ6	A	T25A	1.1	COR	1.49	0.2358	0.9536	-0.0904	0.4559	-0.0971	0.0778	-0.0033	-0.0106	-0.0356	0.0066
1HZ6	A	F26G	3.15	SUR	2.1	0.486	0.8163	0.984	-0.2171	0.1093	0.0471	-0.04	-0.1202	0.0127	0.0204
1HZ6	A	F26L	0.42	SUR	1.1	0.1886	0.8014	0.1756	-0.1228	0.0831	0.0232	0.0489	-0.1129	0.039	-0.0264
1HZ6	A	K28G	0.02	SUR	1.02	0.5092	0.7434	-0.048	-0.2426	0.1	-0.0162	0.0809	-0.1707	0.0642	1.00E-04
1HZ6	A	A29G	2.49	COR	1.91	0.2544	1.1162	0.1288	0.4573	-0.189	0.0468	-0.0651	0.018	0.0864	0.0521
1HZ6	A	T30A	1.17	COR	1.33	0.2311	0.9282	-0.0214	0.2356	-0.1161	0.0487	0.02	-0.0266	0.0383	-0.0129
1HZ6	A	S31A	-0.34	SUR	0.17	-0.3388	0.7875	-0.0049	-0.0313	-0.237	-9.00E-04	0.0439	-0.0429	0.0062	-0.0075
1HZ6	A	S31G	0.78	SUR	1.01	0.2703	0.9243	0.0785	-0.2172	-0.1986	0.016	0.0916	-0.0953	0.0434	0.0923
1HZ6	A	E32G	1.09	COR	1.22	0.5036	0.7709	-0.2732	-0.0052	0.0882	0.0939	0.0122	-0.1411	0.04	0.1297
1HZ6	A	E32I	1.13	COR	0.47	0.6005	0.7931	-0.8735	-0.077	0.0625	0.0819	-0.0632	-0.2511	0.0902	0.1055
1HZ6	A	A33G	3.34	COR	1.88	0.2707	1.1168	0.1261	0.3593	-0.1959	0.055	-0.0315	0.026	0.0787	0.0797
1HZ6	A	Y34A	2.81	SUR	1.79	0.4113	0.8338	0.8179	-0.4223	0.188	0.0078	-0.0041	-0.0968	-0.0104	0.0633
1HZ6	A	A35G	1.22	SUR	1.1	0.2732	0.9518	0.1122	-0.2045	-0.1566	0.0253	0.0557	-0.0635	0.0066	0.1039
1HZ6	A	Y36A	2.49	SUR	1.69	0.4353	0.8386	0.8117	-0.5801	0.1995	-0.0041	0.0051	-0.0873	0.027	0.0439
1HZ6	A	A37G	3.29	COR	1.91	0.2613	1.1215	0.1275	0.45	-0.1953	0.0348	-0.0632	0.0087	0.0933	0.0741
1HZ6	A	D38A	1.05	SUR	0.5	0.5308	0.7395	-0.4012	-0.1434	-0.1903	0.0129	-0.0124	-0.1939	0.0973	0.0592
1HZ6	A	D38G	1.95	SUR	0.72	0.4074	0.8067	-0.1826	-0.1405	-0.1914	-3.00E-04	0.0377	-0.1519	0.0798	0.0568
1HZ6	A	T39G	0.23	SUR	0.97	0.4785	0.7881	0.1008	-0.3021	-0.0923	0.0203	0.0559	-0.1605	0.058	0.0204
1HZ6	A	L40A	2.25	COR	2.18	0.4705	0.7429	0.9505	-0.0337	0.1544	0.1178	-0.1139	-0.1375	0.042	-0.0128
1HZ6	A	K41A	-0.4	SUR	0.68	-0.0688	0.9307	-0.12	-0.1256	0.0727	4.00E-04	0.0813	-0.1006	0.0052	0.0023
1HZ6	A	K42A	-0.14	SUR	0.01	0.3614	0.6825	-0.1647	-0.7652	0.0664	0.0032	-0.0436	-0.2163	0.0482	0.0399
1HZ6	A	N44A	0.36	SUR	1.01	0.5306	0.7489	-0.2209	-0.1545	0.0868	0.0667	0.0682	-0.1535	0.0348	0.0063
1HZ6	A	G45A	1.92	SUR	1.46	0.2875	1.1077	-0.1171	0.1304	-0.1066	0.1023	0.0645	-0.0346	-0.0137	0.0355
1HZ6	A	E46A	0.16	SUR	0.04	0.3636	0.67	-0.3502	-0.5713	0.0889	0.0104	-0.0567	-0.2053	0.0468	0.0472
1HZ6	A	T48A	1.25	SUR	0.74	0.2205	0.806	0.0664	-0.3025	-0.0493	0.0076	0.0842	-0.1646	0.0228	0.0519
1HZ6	A	V49A	0.91	SUR	1.1	-0.1923	0.8242	0.5462	-0.0656	0.0646	0.0069	-0.0482	-0.0457	0.0299	-0.0239
1HZ6	A	D50A	0.08	SUR	-0.05	0.4907	0.589	-0.3499	-0.4069	-0.1796	0.0196	-0.0834	-0.204	0.0354	0.0431
1HZ6	A	V51A	0.98	SUR	0.43	0.2307	0.6972	0.5358	-0.7466	-0.0115	-0.0096	-0.0425	-0.099	-0.0699	-0.05
1HZ6	A	A52G	0.57	SUR	1.25	0.4133	0.8614	0.1042	-0.0955	-0.1785	0.0656	0.0285	0.0032	-0.0093	0.053
1HZ6	A	K54A	0.11	SUR	-0.05	0.2102	0.7426	-0.1375	-0.7815	0.0881	0.0022	-0.0275	-0.1901	0.0214	0.0194
1HZ6	A	G55A	2.12	COR	1.14	-0.0765	1.414	-0.1127	0.0573	-0.2113	0.0879	0.0676	-0.0525	-0.0354	0.0011
1HZ6	A	Y56A	1.51	SUR	1.43	0.461	0.6721	0.7766	-0.7629	0.2006	0.0073	0.0502	-0.0659	0.0535	0.0408
1I6S	A	A101N	-1.5	COR	-1.19	-0.4067	-0.7658	0.4906	-0.4188	-0.1003	-0.0308	0	0.0541	0.0072	-0.0166
1IGV	A	P20G	1.19	SUR	0.27	-0.0727	0.636	0.0914	-0.1807	-0.0295	-0.1405	0.0223	-0.0309	-0.0068	-0.0147
1IOB	A	R4P	0.4	SUR	0.33	0.4088	0.3622	-0.0738	-0.5957	0.178	0.0087	0.0381	0.0477	-8.00E-04	-0.0443
1L24	A	P82A	0.8	SUR	-0.14	0.0266	-0.3806	0.0213	0.1553	-0.022	-0.0088	0.0275	0.0501	-0.0012	-0.0129
1L55	A	N92D	-1.4	SUR	-0.18	-0.287	-0.4855	0.2129	0.2151	0.1484	-0.0538	0.0163	0.0762	-0.0275	0.0063
1L56	A	P60K	0	SUR	-0.39	0.0349	-0.7216	0.1496	0.2686	-0.0267	-0.0179	0.0409	-0.123	-0.0062	0.007
1L59	A	N109T	0.1	SUR	-0.3	0.0492	-0.325	-0.258	0.1414	0.1277	-0.0877	0.0042	0.0514	-0.0076	3.00E-04
1L61	A	N38S	0	SUR	-0.22	0.0452	-0.1954	-0.1696	0.0171	0.1073	-0.1007	0.0154	0.0392	0.0146	0.005
1L62	A	D109T	0.6	SUR	-0.18	0.0708	-0.5227	-0.25	0.3491	0.0887	-0.0517	-0.0142	0.1019	0.0206	0.0321
1L63	A	I27M	3.1	COR	1.72	0.6348	0.5928	-0.1975	0.662	0.1939	-0.0143	-0.0788	-0.0809	0.0019	0.0036
1L63	A	A42V	2.7	COR	-0.69	0.4095	-0.3541	-0.5776	-0.0117	-0.2792	0.0357	0.0483	-0.0147	0.0517	-0.0027
1L63	A	I50M	0.4	SUR	0.81	-0.0021	0.6096	0.013	0.0798	0.162	0.0044	-2.00E-04	-0.1051	0.0103	0.0364
1L63	A	L66M	1	COR	0.39	-0.5099	0.8239	-0.0846	0.0918	0.1703	0.013	-0.0109	-0.0861	-0.0058	-0.0121
1L63	A	I78V	0.8	COR	0.82	-0.5188	0.6754	0.2186	0.2906	0.1637	0.0016	0.0326	-0.059	0.0049	0.0092
1L63	A	V87M	2.3	COR	1.16	0.2684	0.6569	-0.2043	0.4197	0.0941	0.0074	-0.0343	-0.0398	7.00E-04	-0.0134
1L63	A	V87I	0.3	COR	0.44	0.0042	0.4758	-0.3156	0.2314	0.1371	0.0311	0.0078	-0.0745	-0.0064	-0.0468
1L63	A	A98C	1	COR	1.62	0.2579	1.1803	-0.2827	0.4075	-0.2102	0.1457	0.0568	-0.0773	0.0589	0.0818
1L63	A	A98L	4.3	COR	1.13	0.5795	1.1046	-0.8682	0.4298	-0.1979	0.1401	0.0074	-0.2036	0.0714	0.0632
1L63	A	I100V	0.4	COR	0.26	-0.4248	0.1892	0.352	-0.0656	0.1625	0.0036	0.037	-0.0152	0.0324	-0.0119
1L63	A	V103I	0.5	COR	0.31	0.0153	0.3989	-0.3249	0.156	0.1123	0.0184	0.002	-0.0545	0.0055	-0.0177
1L63	A	F104M	0.4	COR	1.32	0.1723	0.8232	0.1784	0.0347	0.1333	0.0241	-0.021	-0.1162	0.0336	0.0547
1L63	A	M106I	-0.2	SUR	0.59	-0.5191	1.1118	-0.0661	-0.0897	0.0881	0.0657	0.0411	-0.0626	0.0249	3.00E-04
1L63	A	V111M	0.7	COR	0.85	0.0233	0.5015	-0.1574	0.3895	0.1696	0.0512	4.00E-04	-0.0795	-0.0476	-9.00E-04
1L63	A	M120Y	0.1	COR	0.51	0.2894	0.2792	-0.3172	0.1754	0.1485	0.0238	-0.005	-0.0925	-0.0035	0.0095
1L63	A	A129F	1.2	COR	0.92	0.6041	1.0978	-0.8479	0.4053	-0.1957	0.1288	-4.00E-04	-0.1923	-0.0467	-0.033
1L63	A	A129W	2.2	COR	1.06	0.3626	0.9549	-0.4182	0.4301	-0.1572	0.0896	-0.0435	-0.1438	-0.0339	0.015
1L63	A	V149M	2.8	COR	1.08	-0.3463	0.9223	-0.067	0.3806	0.1477	0.0437	-0.0065	0.0079	-0.0176	0.0198
1L65	A	A47D	-1	COR	-0.21	-0.0084	-0.5769	0.62	-0.1913	-0.1688	-0.0103	0.0824	0.0752	-0.0621	0.03
1L66	A	A43K	-1	SUR	-0.47	0.4348	-0.951	0.3323	-0.1658	-0.1923	0.004	0.0671	0.0544	-0.0408	-0.0085
1L67	A	A46L	-1.9	COR	-2.3	0.1894	-0.9533	-1.0123	-0.4279	-0.2485	-0.0694	0.2143	-0.0332	0.0117	0.0307
1L76	A	P72D	-2.7	SUR	-0.44	0.0451	-0.9224	0.3182	0.116	-0.0379	-0.0028	0.0163	0.0767	-0.0367	-0.0145
1L77	A	L102M	-1	COR	-1.33	-0.3819	-0.8611	0.0988	-0.3502	0.2228	-0.1273	-0.0168	0.1135	-0.0419	0.0147
1L85	A	A153F	-3.8	COR	-2.36	-0.3896	-0.4066	-1.1818	-0.4546	-0.2214	0.1433	0.1538	0.0322	-0.0543	0.0205
1L86	A	I153F	-0.2	COR	0.23	-0.5182	0.667	-0.3824	0.2334	0.1603	0.0487	0.045	-0.0265	-0.0169	0.0191
1L87	A	L153F	0.3	COR	-0.6	-0.329	0.092	-0.413	-0.1644	0.135	0.0233	0.0154	0.0166	0.0081	0.0145
1L88	A	M153F	-0.6	COR	-0.96	-0.2235	-0.3601	-0.4172	-0.2893	0.2801	-0.0046	-0.012	0.0962	-0.0316	5.00E-04
1L90	A	A99L	-4.5	COR	-2.08	-0.3619	-0.6664	-1.0857	0.0012	-0.2027	-0.0395	0.281	0.043	0.0331	-0.0811
1L91	A	F99L	-0.3	COR	-1.36	-0.4333	-0.8801	0.2589	-0.2414	-0.0069	-0.0901	-0.0424	0.0572	0.0603	-0.04
1L92	A	I99L	-1.5	COR	-0.76	-0.4225	-0.4227	0.1017	-0.302	0.1559	-0.0453	0.0733	0.1601	-0.0167	-0.0401
1L93	A	M99L	-0.6	COR	-0.69	-0.3969	-0.4428	0.0543	-0.3149	0.1847	0.0598	0.0959	0.1242	-0.0169	-0.0346
1L94	A	V99L	-2	COR	-1.06	-0.4115	-0.4992	-0.1249	-0.2915	0.076	-0.0098	0.0608	0.1913	-0.0354	-0.0162
1L95	A	V153F	-1.8	COR	-0.27	-0.4348	0.3376	-0.3236	-0.0027	0.0772	0.0261	0.0297	-0.0251	0.0266	0.0191
1L96	A	P3I	-3	SUR	-1.72	-0.1773	-0.9069	-1.0335	0.1519	-0.0245	0.0674	0.1488	0.1183	-0.0452	-0.0146
1LHH	A	P110V	0.5	SUR	-0.52	-0.1254	-0.8497	-0.6302	0.7918	-0.0577	0.0439	0.043	0.095	0.1167	0.0487
1LHI	A	G71P	-1.6	SUR	-0.86	-0.4231	-0.8031	0.1215	0.3963	-0.2782	-0.02	-0.0105	0.0722	0.0397	0.0417
1LHJ	A	G103P	-0.1	SUR	-0.7	-0.3271	-0.8731	0.123	0.4745	-0.2326	0.0135	-0.0301	0.1286	0.0324	-0.0049
1LHK	A	P91D	-0.4	SUR	-0.23	-0.4128	-0.3243	0.5113	-0.0756	0.0221	-0.077	0.0697	0.0796	0.0136	-0.0323
1LHL	A	P47A	0.1	SUR	0.18	0.3949	0.4279	-0.0562	-0.3179	-0.0101	-0.0105	-0.032	-0.1877	0.0064	-0.0343
1LYE	A	V59T	-1.5	SUR	-0.7	-0.4733	-0.8651	0.2862	0.2811	0.1114	-0.0945	-0.053	0.1402	-0.0358	0.0043
1LYF	A	S59T	-0.2	SUR	-0.58	-0.4037	-0.3936	0.0704	0.2516	-0.1754	-0.005	0.0422	0.0649	-0.0159	-0.0189
1LYG	A	N59T	-1.1	SUR	-0.71	-0.3788	-0.7077	-0.0743	0.3785	0.1639	-0.1068	-0.049	0.1246	-0.043	-0.0213
1LYH	A	G59T	-1.6	SUR	-1.37	-0.3424	-0.7703	0.0479	-0.0239	-0.3023	-0.0313	0.0787	0.0469	-0.0595	-0.0102
1LYI	A	D59T	-1.2	SUR	-1.02	-0.3645	-0.7752	-0.1705	0.4419	0.0728	-0.0555	-0.1073	0.1365	-0.0437	-0.1561
1LYJ	A	A59T	-1.5	SUR	-0.94	-0.3694	-0.6905	0.1884	0.1854	-0.1808	-0.07	-0.0104	0.0763	-0.052	-0.0138
1LZ1	A	A47P	-0.1	SUR	-0.04	-0.1314	-0.483	0.1822	0.3461	-0.1844	0.0246	0.0317	0.1175	0.016	0.038
1LZ1	A	P71G	1.6	SUR	0.62	-0.3648	1.1298	0.0595	-0.1402	-0.0255	0.0136	0.0401	-0.0802	3.00E-04	-0.011
1LZ1	A	D91P	0.4	SUR	0.2	0.2747	0.4032	-0.298	-0.0511	-0.0886	0.0257	0.0091	-0.102	0.0225	0.0077
1LZ1	A	P103G	0.1	SUR	0.51	0.4793	0.744	0.015	-0.6077	-0.0222	0.0483	0.0178	-0.2024	-9.00E-04	0.0361
1LZ1	A	V110P	-0.5	SUR	0.16	-0.2416	0.8969	0.4308	-0.6497	0.0391	-0.0117	-0.0501	-0.1035	-0.0562	-0.0948
1NAG	A	G43N	-5.7	COR	-1.98	-0.3511	-0.7602	0.3892	-0.1698	-0.3613	-0.7072	-0.0789	0.0432	0.0875	-0.0737
1OIA	A	Y78D	5.1	COR	2.23	0.0017	0.8392	0.7594	0.4489	0.0608	0.0854	0.0504	-0.0686	-0.0299	0.078
1ONC	A	F28T	5.31	COR	2.79	0.5739	0.0753	0.9435	0.3916	0.2822	0.3697	0.0195	-0.0116	0.075	0.0695
1OTR	B	V5N	5.38	COR	2.48	0.489	0.8715	0.8517	0.5918	0.1778	-0.2367	-0.3002	0.0784	0.013	-0.054
1OTR	B	V17N	4.9	COR	2.61	0.4772	0.901	0.8623	0.6001	0.1616	-0.1992	-0.2882	0.0661	0.0082	0.022
1OTR	B	E34H	3.92	SUR	0.44	0.26	0.73	-0.1462	-0.0453	0.1082	-0.2354	-0.2702	0.0581	-0.0197	-5.00E-04
1OTR	B	V5T	3.73	COR	1.32	0.0953	0.6786	0.3896	0.4872	0.1356	-0.2479	-0.2382	0.0507	-0.0288	0.0024
1OTR	B	L67N	3.4	COR	2.49	0.4795	0.8699	0.8718	0.6205	0.1294	-0.2356	-0.288	0.0709	-0.0484	0.0162
1OTR	B	L67S	3.3	COR	2.36	0.4751	0.7775	0.8433	0.6298	0.1303	-0.2621	-0.3022	0.0822	-0.0401	0.0268
1OTR	B	V5A	3.01	COR	1.51	0.021	0.6861	0.5555	0.5142	0.1431	-0.2268	-0.2256	0.041	-0.0244	0.0228
1OTR	B	L67T	2.92	COR	2.17	0.4017	0.7349	0.7307	0.6253	0.1454	-0.2858	-0.2923	0.0569	-0.019	0.0685
1OTR	B	L67A	2.82	COR	2.32	0.4796	0.7385	0.8242	0.6308	0.136	-0.2739	-0.3172	0.0671	-0.0228	0.0529
1OTR	B	Q41N	2.56	COR	0.94	0.2407	0.8363	-0.1846	0.4519	0.0889	-0.3948	-0.2182	0.0566	-0.0149	0.0782
1OTR	B	E34K	2.15	SUR	0.4	-0.0696	0.9436	-0.1543	-0.0257	0.1444	-0.2221	-0.228	0.0465	-0.0357	-8.00E-04
1OTR	B	E34P	2.13	SUR	0.36	0.4118	0.6561	-0.302	-0.0693	0.0896	-0.175	-0.2791	0.0567	-0.0162	-0.0167
1OTR	B	V17T	1.89	COR	1.42	0.0941	0.7411	0.3653	0.5181	0.1199	-0.2617	-0.2132	0.054	-0.0109	0.0184
1OTR	B	V17A	1.63	COR	1.52	0.0192	0.744	0.5441	0.5252	0.1183	-0.2338	-0.2062	0.0388	-0.0265	-0.0038
1OTR	B	E34Q	1.46	SUR	0.27	-0.3247	0.9176	-0.1506	-0.0259	0.1704	-0.1411	-0.184	0.0186	-0.0213	0.0106
1OTR	B	Q41S	1.27	COR	0.81	0.2461	0.8419	-0.3251	0.4203	0.099	-0.3869	-0.2091	0.0679	-0.0112	0.0623
1OTR	B	Q41T	0.43	COR	1.09	0.5204	0.7706	-0.3863	0.4711	0.1154	-0.3142	-0.2016	0.0966	-0.0271	0.0458
1OTR	B	Q41L	0.26	COR	0.72	0.6454	0.801	-0.9171	0.3814	0.0578	-0.2487	-0.155	0.121	-0.0042	0.0343
1OTR	B	Q41V	0.05	COR	0.89	0.6347	0.8107	-0.7611	0.3942	0.0613	-0.2457	-0.1461	0.1081	-0.0052	0.036
1OTR	B	E34C	-0.91	SUR	0.41	0.5343	0.7394	-0.5102	-0.0253	0.0613	-0.1831	-0.2247	0.0264	-0.017	0.0047
1OTR	B	E34W	-1.32	SUR	0.22	0.5166	0.7003	-0.6571	-0.0256	0.0538	-0.1763	-0.2473	0.0616	-0.0087	0.003
1OTR	B	E34G	-1.39	SUR	0.48	0.5028	0.6378	-0.1889	-0.0797	0.0898	-0.2323	-0.3176	0.0697	-0.0125	0.0154
1OTR	B	E34T	-1.51	SUR	0.34	0.4192	0.6673	-0.3196	-0.0782	0.0852	-0.1661	-0.281	0.05	-0.0168	-0.0187
1OTR	B	E34I	-1.65	SUR	0.12	0.5342	0.6937	-0.7633	-0.0332	0.0555	-0.169	-0.2514	0.0692	-0.0133	-7.00E-04
1P2L	A	I87V	-0.3	COR	-0.25	-0.1759	-0.4815	0.3523	-0.1927	0.1794	-0.0495	0.0435	0.098	-0.0117	-0.0151
1P2R	A	V78I	-0.8	COR	-0.81	-0.2845	-0.3886	-0.1379	-0.171	0.0949	-0.0339	0.0499	0.0651	0.0286	-0.0364
1P36	A	V100I	-0.4	COR	-0.33	-0.4222	0.2841	-0.2509	-0.0043	0.0679	0.0027	-0.0126	-0.0156	0.0132	0.011
1P46	A	I106M	0.2	SUR	-0.66	-0.4785	-0.7614	0.0964	0.2096	0.1992	-0.044	-0.007	0.0752	0.0027	0.0442
1P6Y	A	Y120M	-0.1	COR	0.04	0.4121	-0.8333	0.1964	0.0281	0.1795	-0.0531	0.0762	0.0013	0.0167	0.0189
1P7S	A	I103V	-0.5	COR	-0.31	-0.205	-0.5035	0.3178	-0.2263	0.1697	-0.0288	0.0552	0.1001	-0.0128	0.0221
1PGA	A	T2P	2.7	SUR	0.83	0.5075	0.7991	0.0536	-0.3262	-0.068	0.0724	-0.0108	-0.1275	0.046	-0.1172
1PGA	A	G9P	2.4	COR	1.44	0.5407	0.9427	-0.195	0.3311	-0.2459	0.1162	-0.0453	-0.0509	0.0591	-0.0116
1PGA	A	K10P	0.2	SUR	0.14	0.3581	0.6624	-0.0945	-0.8029	0.0738	0.0668	0.0416	-0.1682	0.0256	-0.0264
1PGA	A	V21P	-0.5	SUR	0.92	0.5606	0.6341	0.6089	-1.0103	0.0835	0.0484	0.0255	-0.0941	0.0133	0.0456
1PGA	A	A23P	0.3	SUR	1.33	0.5066	0.937	-0.0146	0.0375	-0.1708	0.0166	-0.0569	-0.0365	0.0707	0.0367
1PGA	A	A24P	0.5	SUR	0.96	0.407	0.8859	0.0522	-0.1604	-0.1653	-0.0079	-0.0605	-0.0605	0.0122	0.0576
1PGA	A	T25P	2.8	SUR	0.83	0.4853	0.7841	0.0559	-0.3203	-0.0979	0.0185	-0.0255	-0.1391	0.0293	0.0438
1PGA	A	A26P	3.4	COR	1.72	0.4565	1.0042	-0.1177	0.518	-0.2135	-0.0215	-0.0569	0.0305	0.0675	0.0564
1PGA	A	V29P	3.5	SUR	1.32	0.5501	0.7089	0.6516	-0.5074	0.0203	0.0144	0.0219	-0.1533	0.0441	-0.0262
1PGA	A	D36P	3.1	SUR	0.39	0.4958	0.7166	-0.3408	-0.4676	-0.1636	0.1211	0.0038	-0.1354	0.0925	0.0646
1PGA	A	A48P	0.7	SUR	1.12	0.414	0.9281	0.1015	-0.2743	-0.1382	0.0363	-0.0169	-0.0442	0.0731	0.0378
1PGA	A	T51S	3.4	COR	1.03	-0.0808	1.0581	0.0838	0.1918	-0.0938	-0.0019	-0.055	-0.0072	-0.0626	-0.0013
1PGA	A	D46A	1.36	SUR	0.5	0.3987	0.7333	-0.3737	-0.2359	-0.1397	0.1279	-0.0214	-0.129	0.0981	0.0456
1PGA	A	T53G	1.21	SUR	0.73	0.4713	0.7	0.111	-0.1935	-0.1318	0.0284	-0.0713	-0.1172	-0.0254	-0.0391
1PGA	A	T49A	0.86	SUR	0.8	0.2169	0.8513	0.0616	-0.3081	-0.0609	0.0545	0.015	-0.1072	0.0619	0.0181
1PGA	A	K50A	0.45	SUR	0.83	0.3806	0.8121	-0.1989	-0.2194	0.1094	0.0263	-0.0043	-0.1537	0.0721	0.0062
1PGA	A	V54A	0.1	COR	1.52	-0.2595	0.8686	0.4988	0.4296	0.1333	-0.0295	-0.0395	-0.0635	-0.0499	0.0272
1PGA	A	T53K	-0.35	SUR	0.65	0.3782	0.7565	0.1138	-0.1868	-0.1389	0.0093	-0.0865	-0.1253	-0.0197	-0.0462
1PGA	A	D47A	-0.36	SUR	0.49	0.3789	0.7112	-0.3546	-0.2269	-0.147	0.1275	-0.0318	-0.1128	0.0981	0.0508
1PGA	A	T53H	-0.37	SUR	0.69	0.4703	0.6902	0.0969	-0.1969	-0.1315	0.0251	-0.0778	-0.1202	-0.0232	-0.0428
1PGA	A	T53Q	-0.38	SUR	0.71	0.3573	0.7561	0.2154	-0.2326	-0.1361	0.0036	-0.0701	-0.1262	-0.0131	-0.0414
1PGA	A	T53L	-0.45	SUR	0.16	0.4229	0.9077	-0.6079	-0.1222	-0.0759	0.0376	-0.1503	-0.2408	0.0225	-0.033
1PGA	A	T53N	-0.52	SUR	0.72	0.3452	0.7862	0.2204	-0.2323	-0.1425	0.0035	-0.0734	-0.1278	-0.022	-0.0338
1PGA	A	T53C	-0.78	SUR	0.56	0.3955	0.8157	-0.166	-0.0861	-0.1474	0.0676	-0.1161	-0.1524	-0.006	-0.048
1PGA	A	T53S	-0.87	SUR	0.78	-0.04	1.0163	0.0918	-0.0172	-0.0764	-0.004	-0.0656	-0.0434	-0.0676	-0.0123
1PGA	A	T53M	-0.9	SUR	0.21	0.3979	0.8987	-0.5434	-0.1154	-0.0901	0.0429	-0.1447	-0.2218	0.0169	-0.0334
1PGA	A	T53W	-1.04	SUR	0.29	0.5499	0.7136	-0.4285	-0.1062	-0.1195	0.0641	-0.1379	-0.2021	-0.0082	-0.0356
1QLP	A	A31P	-2.5	COR	0.53	0.5954	0.7721	0.0846	0.2042	-0.2457	-0.5016	-0.0173	0.0123	-0.0157	-0.3612
1QLP	A	A284L	0.8	COR	-1.02	0.1041	-0.3001	-0.9108	0.014	-0.2683	0.2	0.0957	0.0073	0.0274	0.0108
1QS5	A	L98A	-4.3	COR	-0.91	-0.5438	-1.1923	0.7897	-0.1762	0.2653	-0.0523	-0.1028	0.1875	-0.0278	-0.057
1QSB	A	C98A	-1	COR	-1.31	-0.4528	-0.9756	0.4869	-0.2782	0.0464	-0.1227	-0.0276	0.1141	-0.0534	-0.0507
1QT6	A	H11E	0.1	SUR	-0.58	-0.2392	-0.9108	0.2331	0.2732	0.179	-0.0087	-0.0278	-0.1185	5.00E-04	0.0434
1QT7	A	N11E	-0.1	SUR	-0.55	-0.1429	-0.9334	0.117	0.0434	0.2379	0.0156	-0.0324	0.1529	-0.021	0.0146
1QTB	A	V42A	-2.7	COR	1.27	0.1815	-0.107	0.6301	0.5377	0.1058	-0.0199	-0.0051	-0.0057	-0.0187	-0.0291
1QTC	A	F129A	-1.2	COR	-0.68	-0.5365	-0.9353	0.9239	-0.24	-0.0186	-3.00E-04	-0.0768	0.1058	0.0532	0.0404
1QTD	A	W129A	-2.2	COR	-1.52	-0.4069	-0.9772	0.298	-0.3852	-0.1596	-0.0233	-0.0573	0.1216	0.0343	0.0383
1RBR	A	P62H	1.1	SUR	0.71	0.4863	0.7964	0.0438	-0.2388	-0.0532	-0.0544	-0.0597	-0.2644	0.0523	0.0014
1RGG	A	D25H	-0.9	SUR	-0.14	0.5348	0.2831	-0.3584	-0.3515	-0.1188	-0.056	0.0084	-0.0608	0.0137	-0.0303
1RGG	A	R40E	0.4	SUR	0.93	0.5006	0.7172	0.0922	-0.7158	0.2451	0.0227	0.0783	0.0562	0.0129	-0.0796
1RN1	C	N81A	2.89	COR	2.37	0.416	0.8177	-0.3455	0.586	0.1393	0.2167	0.4112	0.0952	0.0171	0.0202
1RN1	C	Y11F	2.07	COR	1.34	-0.5573	1.2974	-0.1459	0.3153	0.1231	0.0798	0.1721	0.0159	-0.0371	0.0725
1RN1	C	S64A	1.5	SUR	0.97	0.4469	0.7143	-0.0544	-0.1839	-0.2477	0.1279	0.2613	0.0377	0.0026	-0.1301
1RN1	C	Y68F	1.36	COR	1.08	-0.5445	1.2536	-0.1572	0.2233	0.1111	0.0606	0.0982	0.0151	0.0017	0.0221
1RN1	C	S12A	1.16	SUR	0.72	0.4559	0.4686	-0.1237	0.0302	-0.2855	0.0492	0.1846	0.0551	0.0101	-0.1211
1RN1	C	N9A	0.81	SUR	0.33	0.4584	-0.0725	-0.2477	-0.0428	0.1086	0.0276	0.1514	0.0017	-0.0165	-0.0373
1RN1	C	Y56F	0.75	COR	0.53	-0.3962	0.8398	-0.1628	0.168	0.1411	-0.0023	-0.0455	-0.0177	-0.0019	0.0033
1RN1	C	A21C	0.74	SUR	0.7	0.5513	0.3769	-0.2026	-0.0392	-0.2273	0.0146	0.2047	0.0404	-0.0107	-0.0103
1RN1	C	A21E	0.32	SUR	-0.01	0.0265	-0.4196	0.3626	0.205	-0.2343	-0.0533	0.0865	-0.0581	0.0391	0.0332
1RN1	C	A21V	0.66	SUR	0.54	0.5725	0.4028	-0.4519	-0.023	-0.1958	0.0036	0.2492	0.0084	0.0141	-0.0361
1RN1	C	A21F	0.57	SUR	0.36	0.5945	0.4474	-0.6715	-0.0443	-0.2277	0.0345	0.1913	0.0269	0.0269	-0.0131
1RN1	C	A21T	0.57	SUR	-0.26	0.3961	-0.528	0.0035	0.1707	-0.2516	-0.1039	0.0715	-0.0165	-0.0158	0.012
1RN1	C	A21H	0.37	SUR	0.22	-0.0348	0.1366	0.1916	0.0726	-0.2509	0.0185	0.0739	-0.02	0.0154	0.0172
1RN1	C	A21K	0.51	SUR	0.13	0.387	-0.4548	0.2247	0.1095	-0.2438	-0.0367	0.1516	-0.011	-0.0052	0.0112
1RN1	C	Y57F	0.47	COR	0.84	-0.399	1.063	-0.1582	0.1317	0.1381	0.0226	0.0331	-0.0172	0.0294	4.00E-04
1RN1	C	A21S	0.45	SUR	-0.41	0.0425	-0.5851	0.2053	0.2394	-0.208	-0.1003	0.0295	-0.1171	0.0518	0.0299
1RN1	C	A21I	0.44	SUR	0.16	0.4271	0.4932	-0.7312	-0.0056	-0.2203	-0.0094	0.1711	0.0229	0.0247	-0.0125
1RN1	C	A21R	0.41	SUR	0.57	0.4982	0.0276	0.0833	-0.0143	-0.2384	0.0293	0.172	0.0256	-0.0077	-0.0014
1RN1	C	A21Q	0.33	SUR	0.1	0.0044	-0.2247	0.3305	0.1591	-0.2425	-0.0327	0.0853	-0.0352	0.0341	0.0242
1RN1	C	A21Y	0.39	SUR	0.22	0.5955	0.3736	-0.733	-0.0527	-0.2241	0.0249	0.205	0.0328	0.0181	-0.0158
1RN1	C	A21W	0.3	SUR	1.1	0.5648	0.719	-0.3155	-0.1484	-0.1808	0.0922	0.3215	0.0281	0.0467	-0.0307
1RN1	C	A21M	0.15	SUR	0.36	0.5965	0.3033	-0.4995	-0.0129	-0.2117	-0.0011	0.2173	0.0107	-0.003	-0.0363
1RN1	C	A21L	0.13	SUR	0.47	0.6491	0.4663	-0.6575	-0.0493	-0.2138	0.0449	0.2011	0.0433	0.0241	-0.0355
1RN1	C	N36A	-0.02	SUR	1.14	0.36	0.6802	-0.1933	-0.1926	0.0369	0.0987	0.2608	0.0171	0.0578	0.0098
1RN1	C	A21N	-0.34	SUR	-0.96	-0.4189	-0.4726	0.3511	0.3145	-0.1712	-0.2045	-0.2325	-0.1285	0.0184	-0.0206
1RN1	C	S17A	-0.62	SUR	0.67	0.4675	0.4445	-0.0908	-0.1183	-0.256	0.051	0.2111	0.0409	0.0016	-0.0846
1RN1	C	Y42F	-1.15	COR	0.52	-0.6575	0.9556	-0.1417	0.2037	0.1304	0.0015	-4.00E-04	0.0148	-0.0152	0.024
1ROP	A	D30P	1.6	SUR	-0.04	0.4482	0.641	-0.2477	-0.4102	-0.1354	0.0289	-0.2213	-0.17	0.008	0.0169
1RTB	A	F46A	6.36	COR	3.68	0.6285	0.9821	0.9356	0.6717	0.0947	0.2632	0.1774	0.0323	-0.0624	-0.0443
1RTB	A	Y97A	12	COR	3.56	0.7712	0.8603	0.9571	0.4067	0.1007	0.266	0.1113	-0.0089	0.0699	0.022
1RTB	A	Y97G	11.7	COR	3.52	0.7896	0.8366	0.9865	0.3933	0.1005	0.2588	0.1025	-0.0208	0.0676	0.0074
1RTB	A	P114G	3.23	SUR	0.91	0.4886	0.7649	0.013	-0.281	-0.0196	0.1447	-8.00E-04	-0.122	0.0313	-0.1068
1RTB	A	P114A	3.2	SUR	0.71	0.3929	0.7853	-0.0937	-0.2882	-0.0231	0.1362	0.0036	-0.1282	0.0262	-0.0961
1RTB	A	P93A	2.7	SUR	0.95	0.4979	0.7946	-0.0973	-0.2779	-0.0474	0.1301	0.0287	-0.1515	0.0434	0.0247
1RTB	A	P93G	2.4	SUR	0.97	0.4973	0.7531	0.0441	-0.3314	-0.0537	0.1193	0.0128	-0.1535	0.0627	0.0222
1RTB	A	P93S	2.1	SUR	0.79	0.2364	0.812	0.0076	-0.3475	-0.0063	0.1215	0.039	-0.1149	0.0343	0.009
1SHF	A	E107P	1.71	COR	1.85	0.5223	0.7597	-0.6044	0.3514	0.1627	0.2141	0.2241	0.1075	0.0594	0.0562
1STN	A	P11G	1	SUR	0.92	0.5843	0.7062	0.0472	-0.5119	-0.0674	0.0202	0.0294	0.0553	0.0251	0.0278
1STN	A	P11A	0.4	SUR	0.49	0.3866	0.402	-0.001	-0.3332	-0.0289	0.0036	0.0465	-0.0121	-8.00E-04	0.0242
1STN	A	P11F	0.6	SUR	0.51	0.5827	0.6562	-0.6364	-0.2878	-0.0383	0.0436	0.047	0.0964	0.0505	-2.00E-04
1STN	A	V23G	5.6	COR	3.69	0.8865	0.6991	0.9946	0.4507	0.1628	0.1048	0.2798	-0.0016	0.0252	0.0897
1STN	A	Y27D	5.4	COR	1.58	-0.7079	1.1644	0.6878	0.1705	0.129	0.0401	0.0576	-0.063	0.072	0.0301
1STN	A	Y27E	5	COR	2.17	-0.0479	0.8785	0.8556	0.1529	0.1531	0.0934	0.102	-0.0679	0.0228	0.0309
1STN	A	Y27G	5.45	COR	2.58	0.3045	0.7843	1.0486	0.025	0.1525	0.1041	0.1983	-0.081	0.0111	0.0328
1STN	A	Y27P	6.1	COR	2.57	0.2998	0.826	0.9924	0.028	0.1503	0.1063	0.1966	-0.0777	0.0115	0.0325
1STN	A	P31G	1.6	SUR	0.7	0.4224	0.3249	0.0138	-0.2368	-0.0125	0.0039	0.0524	0.0312	0.0789	0.0212
1STN	A	P31A	0.5	SUR	0.01	0.495	-0.4969	-0.0356	0.0214	-0.0018	-0.0111	-0.0238	0.0263	0.0043	0.037
1STN	A	F34G	6.2	COR	3.58	0.9478	0.6722	0.8731	0.5764	0.0911	0.0833	0.2592	-0.0377	0.1366	-0.0219
1STN	A	P42G	0.4	COR	1.55	0.5324	1.0348	-0.0219	0.1681	-0.1009	0.0256	0.0711	-0.0451	-0.0975	-0.0212
1STN	A	P42A	-0.1	COR	1.29	0.5203	0.9793	-0.1566	0.1352	-0.133	0.0388	0.0575	-0.0202	-0.1303	-0.0041
1STN	A	P47G	0.1	SUR	0.51	0.2121	0.8499	0.0217	-0.5639	-0.0478	0.006	0.0379	0.0545	-0.0216	-0.0394
1STN	A	P47A	0.6	SUR	0.61	0.3888	0.8198	-0.0291	-0.5413	-0.0761	-6.00E-04	0.0342	0.0599	-0.0084	-0.0393
1STN	A	P47F	0.3	SUR	0.62	0.5038	0.9021	-0.5789	-0.4019	-0.0454	0.0461	0.0468	0.1454	0.0152	-0.011
1STN	A	P56G	1	SUR	1.11	0.5318	0.7427	0.0211	-0.2103	-0.1094	0.0443	0.0382	1.00E-04	0.0637	-0.0171
1STN	A	P56A	0	SUR	0.88	0.3629	0.7107	-0.0533	-0.1406	-0.0868	0.029	0.0362	-0.0136	0.0783	-0.0387
1STN	A	I72A	5.1	COR	2.63	0.3939	0.5605	0.9685	0.2486	0.1354	0.081	0.2744	-0.0638	-0.0116	0.048
1STN	A	I72G	6.5	COR	3.57	0.8548	0.8385	0.9899	0.2793	0.1071	0.1107	0.2567	0.007	0.0414	0.0813
1STN	A	V74G	6.6	COR	3.39	0.431	0.9339	0.9794	0.625	0.1431	0.0578	0.3123	-0.1137	-0.0015	0.0192
1STN	A	V74S	5.4	COR	2.93	0.5328	0.6388	0.7909	0.6199	0.1148	0.0478	0.2949	-0.1111	-0.044	0.0442
1STN	A	D83F	5.2	SUR	1.32	0.449	1.0936	-0.6394	0.1619	-0.2502	0.1222	0.1356	0.1856	-0.0136	0.0749
1STN	A	Y91A	5.3	COR	3.31	0.6902	0.7914	0.9575	0.6157	0.0412	0.0477	0.2879	-0.0735	0.0036	-0.0529
1STN	A	Y91G	6.7	COR	3.29	0.6875	0.7919	0.9488	0.6085	0.0399	0.0483	0.2853	-0.0717	0.0056	-0.0502
1STN	A	I92G	6.6	COR	3.57	0.8636	0.8372	0.9651	0.5368	0.1346	0.1039	0.2791	-0.0365	-0.0754	-0.0374
1STN	A	Y93A	6.5	COR	3	0.7253	0.7801	0.9963	0.0504	0.0623	0.1217	0.2274	0.0035	0.0211	0.0124
1STN	A	Y93G	7.5	COR	2.96	0.861	0.6886	0.9596	0.0234	0.0668	0.1082	0.2126	0.0108	0.0111	0.018
1STN	A	D95F	5.3	SUR	1.16	0.5079	0.9179	-0.4821	-0.0751	-0.1777	0.0833	0.1007	0.1265	0.1849	-0.022
1STN	A	V99G	5	COR	3.79	0.8474	0.8476	0.9872	0.5298	0.1658	0.0957	0.2721	-0.0315	-0.002	0.0762
1STN	A	V99S	5.1	COR	3.3	0.5102	0.785	0.8627	0.5557	0.1457	0.0595	0.302	-0.0712	0.0301	0.1231
1STN	A	N100A	5.2	COR	2.54	0.5705	0.885	-0.4954	0.7375	0.2154	0.0788	0.1464	0.0397	0.2647	0.1019
1STN	A	L103G	6.6	COR	3.79	0.8551	0.813	0.9237	0.5992	0.15	0.0643	0.2616	-0.0689	0.1102	0.0779
1STN	A	V104G	6.5	COR	3.88	0.8204	0.8337	0.9627	0.5964	0.153	0.0744	0.2715	-0.0441	0.1337	0.081
1STN	A	L108A	5.8	COR	2.86	0.3155	0.7614	0.8925	0.342	0.1395	0.0958	0.2511	-0.1178	0.0329	0.1449
1STN	A	L108G	7.2	COR	3.56	0.8409	0.8412	0.9827	0.38	0.1355	0.093	0.2504	-0.0321	-0.013	0.0776
1STN	A	P117L	-0.2	SUR	1.13	0.5264	0.9978	-0.6065	-0.0508	-0.0353	0.0611	0.0466	0.131	0.0083	0.0536
1STN	A	P117F	-0.3	SUR	1.15	0.5199	1.0242	-0.5921	-0.0686	-0.042	0.0694	0.0507	0.1324	3.00E-04	0.0576
1STN	A	L125G	7	COR	3.67	0.8681	0.7315	0.9441	0.5631	0.1615	0.0744	0.3048	-0.0579	0.0038	0.0756
1STN	A	W140H	0.4	SUR	1.63	0.7705	0.7034	0.2014	-0.2849	0.197	0.048	0.042	-0.0384	0.0117	-0.0223
1STN	A	W140F	0.6	SUR	1.06	0.2486	0.9944	-0.4346	-0.1502	0.2786	0.0725	0.0425	0.069	-0.0462	-0.0152
1STN	A	W140Y	1.1	SUR	1.06	0.502	0.7926	-0.4337	-0.182	0.2978	0.0822	0.0594	0.0658	-0.0823	-0.0373
1STN	A	W140L	4.5	SUR	0.82	0.4734	0.6507	-0.4612	-0.1681	0.2284	0.0822	0.0555	0.072	-0.0705	-0.0422
1STN	A	L36G	5.4	COR	3.67	0.9525	0.759	0.9546	0.4059	0.138	0.1012	0.2679	-0.0299	0.032	0.0851
1STN	A	Y91S	5.3	COR	3.31	0.6886	0.7941	0.956	0.613	0.0414	0.0477	0.2887	-0.0735	0.0042	-0.0546
1SYC	A	G117P	0.9	SUR	-1.24	-0.3479	-0.8139	0.2959	0.0074	-0.3473	-0.073	-0.0422	0.0961	0.0596	-0.0729
1SYE	A	T117P	1.1	SUR	-0.94	-0.4535	-0.9641	0.2265	0.4058	-0.0893	-0.0649	0.049	-0.0584	0.0424	-0.0346
1SYG	A	A117P	0.8	SUR	-0.68	-0.3968	-0.8518	0.2749	0.3983	-0.1374	-0.0751	0.0526	0.0436	0.039	-0.0298
1TEN	A	Y869A	1.88	COR	3.01	0.8409	0.697	0.9411	0.216	0.0702	0.0705	0.2284	-0.0191	-0.0734	0.0402
1TIT	A	Y9P	2.2	SUR	0.77	0.5255	0.689	0.7641	-1.3096	0.0751	0.0404	0.0086	-0.0291	0.0064	-0.0014
1TIT	A	Y9G	0.8	SUR	0.82	0.5414	0.6592	0.824	-1.2952	0.0746	0.0334	0.002	-0.0299	0.0095	0.0022
1TIT	A	Y9F	0.4	SUR	0.36	0.5194	0.6347	-0.1628	-0.6758	0.105	0.0986	-0.0232	-0.1568	0.0438	-0.0196
1TIT	A	Y9S	0.2	SUR	0.3	-0.2786	0.8298	0.6104	-0.9057	0.0971	0.0137	-0.0103	-0.0809	0.0112	0.0162
1TTG	A	P5A	-0.11	COR	1.91	0.464	0.8852	-0.2216	0.5256	-0.0836	0.1059	0.1536	0.0093	0.0485	0.023
1TTG	A	P25A	0.48	COR	1.22	-0.0763	1.1597	-0.136	0.2849	-0.0445	0.0799	-0.0017	-0.0369	0.0069	-0.0146
1TTG	A	P64A	0.41	SUR	0.42	0.3922	0.6894	-0.0891	-0.4625	-0.0074	0.1017	0.0577	-0.1562	0.0144	-0.1188
1TTG	A	P82A	0.42	SUR	0.28	0.3666	0.725	-0.0896	-0.6747	-0.0252	0.0711	0.0657	-0.1687	0.0521	-0.0453
1TTG	A	P87A	0.21	SUR	0.71	0.388	0.7826	-0.1127	-0.126	-0.0418	0.038	0.0646	-0.088	-0.1636	-0.029
1U7S	A	E4A	0.42	SUR	0.17	-0.4001	0.9948	-0.225	-0.2568	0.1384	-0.1084	0.0634	-0.0965	0.0346	0.0243
1U7S	A	L9A	0.41	SUR	0.52	-0.1581	0.1944	0.6439	-0.1741	0.1405	-0.0764	-0.0065	-0.0152	-0.0232	-0.0081
1U7S	A	L11A	0.52	COR	0.93	0.3499	0.2445	0.7829	-0.1079	0.1681	-0.2926	-0.0699	-0.1536	-0.0174	0.0306
1U7S	A	V13A	0.34	COR	0.77	-0.1467	0.2005	0.5908	0.1819	0.1151	-0.1159	-0.0248	-0.0651	0.0121	0.026
1U7S	A	A15L	-0.1	SUR	0.16	0.6348	0.8136	-0.6677	-0.0702	-0.1592	-0.3011	0.0464	-0.2108	0.0209	0.0525
1U7S	A	E18A	0.86	SUR	0.14	-0.0498	0.7331	-0.2544	-0.2724	0.1465	-0.1608	0.0535	-0.1106	0.0421	0.0127
1U7S	A	D20A	0.5	SUR	0.13	0.5531	0.7199	-0.3613	-0.095	-0.1752	-0.3864	0.0513	-0.1801	0.0132	-0.0052
1U7S	A	G23A	1.12	COR	-0.34	0.016	-0.0104	0.0062	-0.1251	-0.3256	0.1023	0.038	0.0104	-0.0261	-0.023
1U7S	A	I28F	0.28	COR	0.68	0.5717	0.742	-0.4713	0.2829	0.1602	-0.5511	0.0494	-0.1273	0.0312	-0.006
1U7S	A	L29F	0.13	COR	0.7	0.5378	0.7474	-0.469	0.3468	0.121	-0.5158	0.0455	-0.1222	0.0229	-0.0112
1U7S	A	L29N	5.59	COR	2.2	0.6253	0.8445	1.034	0.3875	0.123	-0.3746	-0.1975	-0.1695	0.0121	-0.0871
1U7S	A	L32W	0.53	COR	1.14	0.5407	0.673	0.2094	0.2981	0.1155	-0.4502	-0.0558	-0.1661	0.0102	-0.0393
1U7S	A	L32F	0.07	COR	0.48	0.5297	0.3438	-0.4405	0.2529	0.1841	-0.2934	0.0185	-0.1362	0.0152	0.011
1U7S	A	F43V	2.66	SUR	0.81	0.4698	0.6894	0.2224	-0.2687	0.0662	-0.3548	0.0284	-0.1743	-0.023	0.1571
1U7S	A	F43I	0.89	SUR	0.78	0.4812	0.7088	0.0849	-0.2043	0.0497	-0.3437	0.0292	-0.172	-0.0232	0.1682
1U7S	A	D44A	-0.14	SUR	0.24	0.4561	0.1554	-0.2491	-0.188	-0.0378	-0.0893	0.0475	-0.0418	0.0167	0.1705
1U7S	A	T51A	1.41	SUR	0.08	0.3651	-0.3981	0.0367	0.0076	0.0134	0.0191	0.0244	-0.004	0.0176	-0.0028
1U7S	A	K56A	0.32	SUR	0.46	0.4125	0.3838	-0.1728	-0.2704	0.1166	-0.0746	0.0233	-0.141	-0.0085	0.193
1U7S	A	D60A	0.14	SUR	0.25	0.5522	0.4989	-0.3188	-0.0671	-0.1256	-0.2294	0.0303	-0.1378	0.0257	0.017
1U7S	A	H64A	-0.54	COR	0.5	0.4726	0.717	-0.1836	0.0465	0.0838	-0.4899	0.0467	-0.1669	-0.0327	0.0101
1U7S	A	H64L	-0.83	COR	-0.48	0.3372	0.6866	-0.8551	-0.0328	0.0589	-0.42	-0.006	-0.2421	0.0094	-0.0111
1U7S	A	H64F	-1.16	COR	-0.25	0.6674	0.6889	-1.0284	-0.0481	0.0479	-0.3807	0.0108	-0.2024	0.0035	-0.0113
1U7S	A	H64W	-0.47	COR	-0.22	0.2074	0.6744	-0.5082	0.0173	0.0668	-0.5164	0.0155	-0.195	0.0069	0.0142
1U7S	A	H64Y	-0.52	COR	-0.19	0.3626	0.8149	-1.0564	0.0276	0.0606	-0.2878	0.0466	-0.1541	-0.0042	0.0038
1U7S	A	H64I	-0.38	COR	-0.49	0.3372	0.6861	-0.8598	-0.0332	0.0581	-0.423	-0.0073	-0.2433	0.01	-0.0114
1U7S	A	H64V	-0.36	COR	0	0.5028	0.7225	-0.6648	-0.0273	0.0527	-0.4134	0.0265	-0.1898	-0.0053	-0.0055
1U7S	A	H64T	-0.23	COR	0.38	0.4648	0.6976	-0.2736	0.0533	0.0823	-0.4875	0.0409	-0.1791	-0.0241	0.0044
1U7S	A	H64N	0.33	COR	0.63	0.4514	0.7325	-0.0195	0.0136	0.059	-0.4663	0.0477	-0.1413	-0.0497	0.0076
1U7S	A	H64R	0.08	COR	0.6	0.5656	0.6827	-0.1824	0.0526	0.0704	-0.464	0.0478	-0.1479	-0.0278	-8.00E-04
1U7S	A	H64G	0.04	COR	0.59	0.4899	0.7391	-0.09	0.0364	0.0747	-0.4879	0.041	-0.1685	-0.038	-0.0051
1U7S	A	V66A	-0.76	SUR	0.02	0.3283	-0.9499	0.3772	8.00E-04	0.1205	0.1175	-0.0161	0.0794	-0.0357	-0.0053
1U7S	A	T67A	0.27	SUR	0.49	0.5011	0.5299	0.0747	-0.2999	-0.0483	-0.213	0.0709	-0.165	0.0165	0.024
1U7S	A	T67F	-0.19	SUR	0.01	0.5734	0.7367	-0.6673	-0.1206	-0.0314	-0.307	0.0374	-0.2276	0.018	-0.006
1U7S	A	T67Q	-0.23	SUR	0.38	0.2597	0.472	0.1843	-0.3798	-0.0338	-0.0582	0.0474	-0.1507	0.0152	0.0251
1U7S	A	T67P	0.85	SUR	0.58	0.5193	0.6989	0.0801	-0.284	-0.0557	-0.334	0.0794	-0.1544	0.017	0.0158
1U7S	A	V68F	-0.6	SUR	0.42	0.6209	0.7906	-0.5025	-0.0516	0.0752	-0.4258	0.0452	-0.1614	0.01	0.0174
1U7S	A	V68A	0.77	SUR	0.98	0.5126	0.7255	0.6466	-0.3098	0.0688	-0.3748	-0.0441	-0.185	-0.0062	-0.0569
1U7S	A	V68Q	2.42	SUR	1.25	0.5453	0.7151	0.9238	-0.2731	0.007	-0.4593	-0.0554	-0.127	-0.006	-0.0207
1U7S	A	V68N	3.81	SUR	1.47	0.6756	0.7884	0.9139	-0.2318	0.0175	-0.455	-0.0845	-0.1228	-0.024	-0.0084
1U7S	A	V68S	2.99	SUR	0.96	0.5122	0.6907	0.7783	-0.3069	0.0366	-0.4757	-0.0529	-0.1564	-0.0139	-0.05
1U7S	A	V68L	-0.42	SUR	0.57	0.4832	0.7295	-0.2706	0.0161	0.0602	-0.3973	0.0546	-0.1293	-0.0099	0.0361
1U7S	A	V68W	0.07	SUR	0.48	0.4192	0.7108	0.0737	-0.1379	0.0454	-0.4456	0.0171	-0.1461	-0.0287	-0.0238
1U7S	A	V68I	-0.35	SUR	0.18	-0.3495	0.6973	-0.2669	0.0597	0.0953	-0.0711	0.0405	-0.0391	-0.0038	0.0161
1U7S	A	V68Y	0.17	SUR	0.39	0.5826	0.7849	-0.4866	-0.0385	0.079	-0.4325	0.0425	-0.1618	0.0072	0.012
1U7S	A	K77A	-0.14	SUR	0.29	0.2621	0.7615	-0.18	-0.3561	0.1145	-0.2209	0.0777	-0.1726	-0.0153	0.0172
1U7S	A	P88A	-0.59	SUR	0.14	-0.0613	0.6456	-0.0193	-0.2244	-0.0218	-0.1179	0.0438	-0.0953	0.0097	-0.0215
1U7S	A	H97Q	0.11	SUR	0.5	0.4979	0.7278	-0.0199	-0.3221	0.0134	-0.2972	0.0543	-0.1701	0.0175	-0.0025
1U7S	A	F106A	0.7	COR	1.21	0.5431	0.2081	0.8447	-0.0609	0.1715	-0.3451	-0.0375	-0.1416	-0.0058	0.0349
1U7S	A	I107F	-0.35	COR	0.72	0.4867	0.7519	-0.3423	0.1288	0.1839	-0.4142	0.0491	-0.1538	0.0379	-0.004
1U7S	A	I107V	1.09	COR	0.63	0.2823	0.3186	0.0728	0.0989	0.1373	-0.1415	0.0072	-0.1177	-0.0459	0.0181
1U7S	A	I107T	2.23	COR	1.22	0.5114	0.6752	0.864	-0.1775	0.1783	-0.5556	-0.0816	-0.1484	0.009	-0.0503
1U7S	A	I107A	0.43	COR	1.15	0.479	0.6731	0.9026	-0.182	0.1633	-0.5994	-0.0721	-0.1558	-0.0137	-0.0475
1U7S	A	E109A	0.06	SUR	0.31	0.5326	0.4528	-0.2799	-0.2952	0.102	-0.1402	0.0373	-0.1416	0.0364	0.0092
1U7S	A	V114A	1.44	COR	1.43	0.327	0.5662	0.5785	0.346	0.0951	-0.2698	-0.1297	-0.1557	0.0187	0.0533
1U7S	A	L115A	1.4	COR	1.89	0.4432	0.5702	0.9393	0.584	0.126	-0.4318	-0.2128	-0.2061	-0.0353	0.1102
1U7S	A	H116A	-0.17	SUR	-0.5	-0.4043	-0.7529	-0.0532	0.3911	0.1287	0.1893	-0.1227	0.1227	-0.0016	0.0018
1U7S	A	S117A	0.27	SUR	0.05	-0.0653	0.4184	0.0169	-0.0626	-0.2213	-0.0684	0.0513	-0.0424	0.0146	0.0086
1U7S	A	R118A	0.65	SUR	0.37	0.509	0.1757	-0.1145	-0.1973	0.2507	-0.1188	0.024	-0.1164	-4.00E-04	-0.0388
1U7S	A	D122A	0.1	SUR	0.1	0.4441	0.6512	-0.3253	-0.1908	-0.1554	-0.2856	0.072	-0.1501	0.0434	-0.0065
1U7S	A	F123A	1.1	COR	1.85	0.5724	0.5699	0.9905	0.2586	0.1437	-0.3792	-0.1439	-0.1975	-0.0082	0.0415
1U7S	A	A125L	-0.6	SUR	0.03	0.6419	0.5453	-0.6369	-0.0942	-0.1657	-0.1778	0.0375	-0.2181	0.0689	0.0309
1U7S	A	G129A	-1.06	SUR	-0.63	-0.3713	-0.4011	0.0678	0.083	-0.2628	0.222	0.0192	0.1002	-0.0722	-0.0196
1U7S	A	K133A	0.05	SUR	0.55	0.5072	0.7264	-0.2056	-0.1318	0.079	-0.3338	0.0526	-0.1821	0.003	0.0353
1U7S	A	L135A	1.7	COR	1.93	0.5177	0.5636	0.9653	0.5866	0.1267	-0.402	-0.2007	-0.1963	-2.00E-04	-0.0271
1U7S	A	R139A	0.45	COR	0.01	-0.3137	-0.0644	-0.0083	0.0225	0.2372	0.0728	0.0087	0.0566	0.0048	-0.0024
1U7S	A	K140A	0.14	SUR	-0.29	0.0521	-0.5704	-0.0959	0.1653	0.1062	-0.0021	-0.021	0.1145	-0.0042	-0.0314
1U7S	A	A144L	-0.4	SUR	0.13	0.6412	0.7503	-0.6703	-0.0406	-0.1653	-0.2926	0.0427	-0.2165	0.0371	0.0468
1U7S	A	L149A	1.6	SUR	0.84	0.4704	-0.0992	0.7281	-0.3257	0.1331	-0.0138	-0.0091	-0.0998	0.044	0.0091
1UBQ	A	V26L	-0.3	COR	1.27	-0.0371	0.9073	-0.2704	0.4605	0.1405	0.0745	-0.1269	0.0348	-0.0163	0.104
1UBQ	A	V26I	-1.1	COR	0.54	-0.3205	0.6809	-0.2783	0.3318	0.1277	0.1137	-0.142	-0.0042	-0.0072	0.0419
1UBQ	A	V26A	3.3	COR	1.79	0.0246	0.8312	0.5089	0.5952	0.121	-6.00E-04	-0.2331	-0.041	-0.0343	0.0146
1UBQ	A	V26G	6.3	COR	2.64	0.4801	0.9427	0.8248	0.6251	0.1576	-0.0889	-0.2989	-0.0224	-0.02	0.0394
1VQB	A	V70P	5.05	SUR	0.88	0.5458	0.6551	0.5619	-0.89	0.121	0.0395	0.0775	-0.1434	0.0104	-0.0941
1VQB	A	L65P	1.5	SUR	-0.25	-0.5041	-0.7754	0.4885	0.1761	0.1821	-0.1308	0.0522	0.2698	0.0031	-0.0068
1W4H	A	L167A	0.88	SUR	1.24	0.2963	0.6148	0.7719	-0.0974	0.1376	0.0295	-0.4924	-0.0861	-0.003	0.0672
1W4H	A	A130G	0.04	SUR	0.45	0.4653	0.533	0.1463	-0.0136	-0.2393	-0.0986	-0.2687	-0.1152	0.068	-0.0273
1W4H	A	L131A	0.94	SUR	0.77	0.0307	0.6971	0.718	-0.1656	0.1506	-0.0971	-0.4394	-0.0599	-0.0457	-0.016
1W4H	A	S132G	0.47	COR	0.65	0.292	0.953	0.065	0.0739	-0.23	-0.1748	-0.293	-0.0699	0.108	-0.07
1W4H	A	P133A	-0.38	SUR	0.12	0.4779	0.6574	-0.064	-0.3388	-0.0131	-0.2071	-0.2489	-0.1369	-0.0063	-0.0046
1W4H	A	A134G	0.37	SUR	0.47	0.5592	0.776	0.0948	-0.0451	-0.2095	-0.2491	-0.3798	-0.112	0	0.0404
1W4H	A	I135V	0.03	COR	-0.23	-0.4303	-0.1885	0.3151	-0.1336	0.1538	0.0991	-0.0482	0.0243	-0.0106	-0.0067
1W4H	A	I135A	1.63	COR	1.18	-0.6442	0.9826	0.6759	0.2889	0.1861	-0.0523	-0.1752	-0.0587	-0.0501	0.0243
1W4H	A	L138A	1.67	COR	1	0.3245	0.6785	0.7794	-0.1311	0.1306	-0.2092	-0.4834	-0.0909	-0.0042	0.0074
1W4H	A	L139A	3.5	COR	0.87	-0.7609	0.8404	0.6925	0.1995	0.1498	-0.0296	-0.1487	-0.0583	-0.0241	0.0086
1W4H	A	A140G	1.02	SUR	0.35	0.4581	0.7943	0.0914	-0.1957	-0.1922	-0.1875	-0.3326	-0.1232	-0.0198	0.0601
1W4H	A	L144A	1.9	COR	1.03	0.4385	0.654	0.7889	-0.1157	0.1312	-0.2587	-0.5355	-0.0818	0.002	0.0079
1W4H	A	A146G	0.58	COR	0.85	0.5739	0.7672	0.1033	0.2551	-0.2496	-0.2341	-0.2826	-0.0728	-0.062	0.0539
1W4H	A	A148G	0.43	SUR	0.31	0.5407	0.4366	0.1381	-0.0759	-0.2241	-0.0986	-0.2921	-0.1377	0.0036	0.0214
1W4H	A	I149V	0.75	COR	0.09	-0.5224	0.4019	0.244	0.048	0.165	-0.0735	-0.1469	-0.0431	0.0042	0.0097
1W4H	A	T152S	0.29	SUR	0.06	-0.4343	0.7742	0.1807	-0.256	-0.028	-0.0289	-0.0966	-0.0665	-0.0161	0.0276
1W4H	A	T152A	1.36	SUR	0.11	0.4727	0.64	0.0169	-0.3798	-0.033	-0.2169	-0.2833	-0.1442	-0.0202	0.058
1W4H	A	V154G	0.84	SUR	0.36	0.4655	0.6364	0.543	-0.7447	0.0691	-0.0767	-0.5073	-0.0438	-0.0326	0.048
1W4H	A	L158A	2.12	COR	1.5	0.4079	0.5703	0.8204	0.2969	0.1233	-0.1907	-0.3966	-0.073	-0.086	0.0232
1W4H	A	T159S	1.63	SUR	0.64	0.4239	0.7014	0.0239	-0.0089	-0.0402	-0.1724	-0.3181	-0.1031	0.0422	0.0879
1W4H	A	D162N	3.1	COR	0.82	0.2959	0.8038	-0.1824	0.2474	-0.0899	-0.1518	-0.1798	-0.0565	0.1358	-0.0042
1W4H	A	V163A	2.02	COR	1.85	0.5125	0.6805	0.5733	0.4882	0.1414	-0.1404	-0.338	-0.069	0.0036	-0.0053
1W4H	A	H166A	-0.06	COR	0.71	-0.3236	1.0931	-0.0922	0.1426	0.1151	-0.106	-0.1713	-0.0621	0.1185	-0.0083
1W4H	A	H166G	1.58	COR	0.64	0.4837	0.6834	-0.0786	0.1348	0.1073	-0.3467	-0.2992	-0.1226	0.0435	0.0334
1W4H	A	A168G	0.07	SUR	0.26	0.4565	0.5097	0.144	-0.2186	-0.2005	-0.1078	-0.276	-0.129	0.0171	0.0608
1YCC	A	P76L	3.44	SUR	0.24	0.5437	0.7423	-0.6158	-0.2771	0.0145	0.0475	-0.0181	-0.2595	0.0432	0.0186
1YCC	A	L85A	2.8	COR	2.12	0.4907	0.6062	0.9315	0.2865	0.1582	0.0139	-0.2823	-0.0686	0.0522	-0.0664
1YCC	A	P76W	2.38	SUR	0.13	0.2818	0.6943	-0.3156	-0.3374	0.0041	0.0291	-0.0048	-0.2528	0.0185	0.0089
1YCC	A	P76Y	2.07	SUR	-0.06	0.282	0.6957	-0.6219	-0.2365	0.0075	0.0364	0	-0.2894	0.042	0.0237
1YCC	A	P76S	1.89	SUR	0.41	0.2284	0.7809	0.0318	-0.4833	-0.0031	0.0257	0.0168	-0.1687	-0.0058	-0.0106
1YCC	A	K73W	1.6	SUR	-0.19	0.3426	0.5515	-0.3379	-0.547	0.0767	0.015	-0.0051	-0.2466	0.0174	-0.0606
1YCC	A	N52H	1.27	COR	1.27	0.5188	0.9241	-0.3065	0.2275	0.1261	0.0369	-0.1335	-0.1029	0.0185	-0.0387
1YCC	A	P76V	1.07	SUR	0.17	0.4182	0.7283	-0.4445	-0.3028	0.0038	0.0235	-0.0178	-0.2726	0.0338	0.0029
1YCC	A	P76R	0.97	SUR	0.67	0.4865	0.7509	0.0314	-0.4715	-0.0033	0.0547	0.01	-0.174	0	-0.0161
1YCC	A	P76G	0.78	SUR	0.73	0.5311	0.7296	0.034	-0.4661	-0.0028	0.044	0.0285	-0.1608	-4.00E-04	-0.01
1YCC	A	F82Y	0.7	COR	0.96	-0.5285	1.1955	0.1276	0.0265	0.1788	-2.00E-04	-0.0134	-0.0563	-0.0198	0.0465
1YCC	A	K73I	0.4	SUR	-0.34	0.3371	0.5735	-0.6525	-0.3817	0.0979	0.0013	-0.0087	-0.2926	0.0167	-0.0273
1YCC	A	N52Q	0.08	COR	1.25	0.5867	0.7782	-0.2701	0.2567	0.1085	0.0382	-0.1391	-0.0816	0.0051	-0.035
1YCC	A	K73V	-0.1	SUR	-0.16	0.4432	0.6107	-0.5407	-0.4535	0.083	0.0041	-0.0212	-0.2508	0.0049	-0.0421
1YCC	A	N52A	-0.63	COR	1.11	0.5799	0.7648	-0.333	0.238	0.1018	0.0144	-0.1289	-0.1102	0.0182	-0.0358
1YCC	A	N52V	-2.06	COR	0.26	0.6679	0.7331	-1.0024	0.1499	0.0701	0.0136	-0.0953	-0.2068	-0.0208	-0.0446
1YCC	A	N52M	-2.58	COR	-0.35	-0.5571	1.2378	-0.9761	0.0366	0.1086	-0.0627	-0.0104	-0.0729	-0.0412	-0.0174
1YCC	A	N52L	-2.56	COR	0.07	-0.3402	1.3667	-0.924	0.0493	0.1317	-0.0472	-0.0056	-0.0884	-0.0496	-0.022
1YCC	A	C102S	-2.8	COR	0.04	-0.4405	0.0494	0.5045	0.001	-0.0237	-0.0035	0.0247	0.0027	-0.0566	-0.0136
1YCC	A	C102A	-2.9	COR	0.67	-0.0322	0.1642	0.3284	0.3394	-0.0826	-0.0199	0.0355	-0.0748	-0.0162	0.0257
1ZNJ	A	T8A	-0.16	SUR	0.16	0.2824	0.4665	0.0455	-0.3152	-0.0351	-0.1331	0.0417	-0.1214	0.0136	-0.0849
1ZNJ	A	T8H	-1.76	SUR	-0.4	-0.5025	-0.6976	0.1841	0.2803	-0.0292	0.2979	-0.0989	0.0827	0.0024	0.0828
1ZNJ	A	T8R	-1.25	SUR	0.22	0.4294	0.3893	0.1127	-0.3456	-0.0273	-0.1387	0.0223	-0.163	0.0141	-0.0724
206L	A	S42A	-2.3	COR	-0.41	0.4373	-0.7633	0.0615	0.0191	-0.2091	0.021	0.0245	0.0771	-0.0564	-0.0194
217L	A	E44S	0	SUR	-0.21	0.3901	-0.7578	-0.2395	0.2228	0.1469	-0.0037	0.0214	0.0572	-0.0165	-0.0346
221L	A	S49A	-0.5	SUR	-0.09	0.3888	-0.4767	-0.0085	0.114	-0.2169	0.0225	0.0637	0.0416	-0.0322	0.0087
224L	A	S93A	-0.2	SUR	-0.03	0.4065	-0.4827	-0.0013	0.1718	-0.221	0.0032	0.0365	0.0436	0.0079	0.007
230L	A	L6M	-2.8	COR	-1.33	-0.4014	-0.8125	0.1059	-0.4006	0.2104	-0.1006	-0.0045	0.1077	-0.0251	-0.0111
231L	A	K106M	-3.4	SUR	-1.12	-0.4297	-0.9	-0.7464	0.5873	0.2814	-0.0439	-0.0938	0.1439	0.0795	0.0057
232L	A	K120M	-1.6	SUR	-0.62	0.4333	-0.9487	-0.7478	0.3122	0.2718	-0.0103	0.0479	0.0588	-0.019	-0.0226
233L	A	L120M	0.5	COR	-0.17	0.0838	-0.365	0.1158	-0.1488	0.1651	-0.0664	0.0465	0.0341	-0.0173	-0.0159
234L	A	L106M	0.5	SUR	-0.67	-0.4795	-0.7318	0.0581	0.1774	0.1897	-0.1355	-0.0428	0.2281	0.009	0.0552
235L	A	A111V	-1.3	COR	-1.77	0.1123	-0.7678	-0.5425	-0.3922	-0.2728	0.0495	0.1728	-0.0041	-0.1372	0.0136
236L	A	A87V	-1.7	COR	-1.49	-0.1586	-0.646	-0.6411	-0.2568	-0.2537	0.0959	0.2289	0.1087	-0.0292	0.058
239L	A	A17I	-2.7	COR	-2.02	0.3621	-1.0269	-0.9942	-0.1978	-0.2761	-0.0114	0.1378	0.0105	-0.0812	0.0617
240L	A	A27I	-3.1	COR	-2.28	-0.3591	-0.7606	-1.0669	-0.3442	-0.2309	0.2523	0.2098	-0.0092	0.1184	-0.0864
241L	A	A29I	-2.6	COR	-2.41	-0.3729	-0.7216	-1.1154	-0.4471	-0.224	0.2648	0.2122	-0.0381	0.1169	-0.0836
242L	A	A50I	-2	SUR	-1.7	0.4153	-1.0173	-1.0081	-0.0389	-0.2733	0.0166	0.1662	0.0482	0.0083	-0.0185
243L	A	A58I	-3.2	COR	-2.46	-0.3171	-0.7238	-1.0592	-0.5129	-0.2215	0.2601	0.2254	-0.0384	-0.1268	0.059
244L	A	A100I	-3.4	COR	-1.88	-0.3492	-0.0727	-1.0667	-0.4227	-0.2615	0.1125	0.0986	0.0827	0.0462	-0.0434
245L	A	A6M	-1.9	COR	-1.94	-0.3227	-0.8532	-0.6986	-0.3772	-0.2576	0.1659	0.2571	-0.0102	0.0956	0.0631
246L	A	A67F	-1.9	COR	-2.64	-0.3221	-1.0266	-1.0662	-0.4369	-0.2154	0.2282	0.153	0.0631	-0.0665	0.0487
247L	A	A84L	-2.6	COR	-2.13	0.4269	-1.0543	-0.9336	-0.4651	-0.2549	-0.0923	0.1682	0.0256	0.0333	0.0197
253L	A	A20D	-0.3	SUR	0.24	-0.0877	-0.5137	0.8599	-0.1437	-0.1039	0.0452	0.0901	0.1437	-0.0213	-0.0296
254L	A	S20D	0.7	SUR	0.01	-0.0975	-0.6675	0.6936	-0.0531	-0.0941	0.06	0.0875	0.1367	-0.0238	-0.0275
255L	A	N20D	1.3	SUR	-0.61	-0.1775	-0.886	0.1263	0.2224	0.2151	-0.0521	-0.0734	0.0543	-0.0446	0.0065
2ABD	A	P44A	1.4	SUR	1.43	0.4141	1.0117	-0.1091	-0.0745	-0.0489	0.0567	0.0337	0.1624	0.0013	-0.0185
2ABD	A	P19A	1.07	COR	1.7	0.4782	0.9118	-0.2136	0.5873	-0.1241	0.0668	-0.0013	0.1449	-0.0975	-0.0479
2AFG	A	V31I	0.96	COR	-0.25	-0.5188	0.6165	-0.2639	0.0813	0.0392	-0.0295	-0.0741	-0.0515	-0.0306	-0.0206
2AFG	A	L44W	-0.57	COR	1.39	-0.5915	1.1998	0.2612	0.3274	0.1469	-7.00E-04	-0.0129	0.1021	-0.0414	-0.0021
2AFG	A	F85W	-0.01	COR	1.03	-0.874	1.1584	0.4629	0.3203	0.0191	-0.0011	-0.0551	0.0488	-0.0578	0.0099
2AFG	A	C117I	0.36	COR	0.06	0.2614	0.1966	-0.4752	0.114	-0.0487	0.0021	-0.0335	0.0525	0.0027	-0.0082
2AFG	A	F132W	-0.33	COR	1.31	-0.5875	1.0688	0.4556	0.3194	0.0743	-0.0327	-0.046	0.0784	-0.0265	0.0107
2AFG	A	L44P	-0.69	COR	2.2	-2.00E-04	0.9161	0.8957	0.5105	0.1556	-0.1096	-0.1222	-0.0534	0.0075	-0.0029
2CI2	I	P80A	3.34	COR	1.6	0.4929	0.9229	-0.2306	0.3363	-0.1301	0.1127	-0.0133	0.0956	0.0451	-0.0358
2CI2	I	P25A	1.57	SUR	1.19	0.4968	0.8595	-0.0969	-0.203	-0.0711	0.034	-0.055	0.175	0.0332	0.0183
2CI2	I	P52A	0.17	SUR	1.18	0.3889	0.8741	-0.0877	-0.2497	-0.0417	0.0539	-0.0608	0.1587	0.1378	0.0104
2HPR	A	G49K	1	COR	0.43	-0.0572	1.194	0.0403	0.0712	-0.2992	-0.1205	-0.2851	-0.0347	-0.0559	-0.0215
2HPR	A	G49A	-0.8	COR	0.46	0.3058	0.9714	-0.0751	0.1507	-0.2684	-0.1798	-0.2905	-0.0328	-0.0696	-0.0537
2HPR	A	G49E	-1.4	COR	0.27	0.5458	0.7859	0.0195	0.0984	-0.358	-0.3103	-0.3885	-0.0631	-0.028	-0.0284
2L78	A	I111V	-0.9	COR	0.35	0.0673	-0.2833	0.2595	0.0179	0.1692	-0.0411	0.035	0.0038	0.0253	0.0929
2LZM	A	P37A	0	SUR	0.34	-0.1131	0.8675	0.0171	-0.4919	-0.0396	0.0296	0.0119	0.0695	-0.014	0.0021
2LZM	A	C54Y	5.02	COR	-0.3	-0.3675	0.818	-0.8166	0.0518	-0.1075	0.0669	-0.0108	0.0392	0.0333	-0.0023
2LZM	A	L66P	7.12	COR	3	0.8492	0.7993	0.9667	0.4289	0.1265	-0.0646	-0.2081	0.0456	0.0695	-0.0091
2LZM	A	P86G	1.91	SUR	1.2	0.2506	0.921	-0.0305	-0.1805	-0.0089	0.054	0.0257	0.089	0.0986	-0.0166
2LZM	A	L91P	8.13	COR	2.22	0.4091	0.7504	0.9417	0.349	0.1271	-0.0488	-0.233	0.0129	-0.0299	-0.0597
2LZM	A	W126R	5.74	COR	1.54	0.3741	0.8925	0.1467	-0.2347	0.2875	0.0194	0.0177	0.0677	-0.0317	-0.0024
2LZM	A	I27A	3.37	COR	2.68	0.4964	0.7006	0.918	0.6974	0.1941	-0.1306	-0.29	0.0654	-0.0623	0.0908
2LZM	A	A42G	3.2	COR	1.34	-0.0955	0.7972	0.2151	0.368	-0.2496	0.0986	0.0402	0.0522	0.0724	0.0391
2LZM	A	I50A	2.3	SUR	1.77	-0.1888	0.9152	0.8584	0.0118	0.1855	0.0358	-0.0521	0.0315	-0.0044	-0.0238
2LZM	A	A130G	2.1	COR	1.27	-0.0675	1.0968	0.1451	0.1905	-0.2325	0.1126	0.015	0.0642	-0.0507	-0.007
2LZM	A	I150V	2.1	COR	0.23	-0.4502	0.2705	0.2882	0.0067	0.1419	-0.0064	0.0238	0.0039	-0.0496	0.0058
2LZM	A	I3P	2.87	COR	1.94	0.5754	0.7093	0.9212	-0.1158	0.1665	-0.0822	-0.1974	-0.038	-0.02	0.0183
2LZM	A	K60P	-0.03	SUR	0.34	0.2583	0.4205	-0.0589	-0.3804	0.1278	-0.0286	-0.0132	0.0185	-0.0058	0.0041
2LZM	A	K85A	0.6	SUR	0.25	0.2573	0.319	-0.218	-0.2609	0.1338	-0.0042	-0.0067	0.034	0.0234	-0.0241
2LZM	A	D89A	0.5	SUR	0.43	0.2657	0.5373	-0.3016	-0.1432	-0.0991	0.0207	-0.025	0.0652	0.1126	-0.0013
2LZM	A	R96A	2	SUR	1.65	0.4103	0.71	-0.119	-0.0691	0.4536	0.0622	0.0271	0.0483	0.1007	0.0249
2LZM	A	R96D	3.5	SUR	1.55	0.4937	0.7175	0.207	-0.3386	0.3383	0.0277	-0.0121	0.0445	0.045	0.0224
2LZM	A	R96M	2.7	SUR	0.77	0.5574	0.6364	-0.6683	-0.1065	0.2535	0.0603	-0.0771	0.0229	0.0247	0.0622
2LZM	A	R96E	2.5	SUR	1.02	0.4131	0.3569	0.1605	-0.2298	0.3102	-0.0237	-0.0327	0.0131	0.0631	-0.0074
2LZM	A	R96G	2.6	SUR	1.82	0.5079	0.7687	0.144	-0.121	0.4102	0.0609	-0.0218	0.0209	0.0304	0.0234
2LZM	A	R96Q	0.3	SUR	0.42	-0.4273	0.4473	0.1865	-0.0954	0.2238	-0.0038	-0.0052	8.00E-04	0.0999	-0.0075
2LZM	A	R96N	3	SUR	1.59	0.3958	0.647	0.0818	-0.1448	0.4388	0.0218	0.0041	0.0411	0.1019	0.0055
2LZM	A	R96K	0	SUR	0.33	-0.4524	0.4826	0.0637	-0.0892	0.2774	-0.0046	-9.00E-04	0.0097	0.0522	-0.0108
2LZM	A	R96S	2.6	SUR	1.82	0.3954	0.6841	0.0458	-0.0612	0.4749	0.053	0.0259	0.0689	0.1115	0.0249
2LZM	A	R96Y	4.7	SUR	0.62	-0.3221	1.0263	-0.713	0.0133	0.3031	0.0734	0.0056	0.0478	0.1636	0.018
2LZM	A	R96V	2.4	SUR	0.98	0.5678	0.8079	-0.5865	-0.1372	0.277	0.0515	-0.0626	0.0221	-0.0021	0.0395
2LZM	A	R96W	4.5	SUR	1.06	0.4119	0.7704	-0.4321	-0.1496	0.3294	0.0583	-0.0214	0.0499	0.0457	-0.0019
2LZM	A	L133D	5.37	COR	2.74	0.6145	0.5891	1.082	0.5435	0.152	-0.0603	-0.2232	0.0525	0.0334	-0.0467
2LZM	A	V149G	4.9	COR	2.85	0.5027	0.8868	0.9434	0.6355	0.0766	-0.1119	-0.2464	0.0443	0.059	0.0637
2LZM	A	V149S	4.4	COR	2.58	0.4563	0.8241	0.7745	0.647	0.074	-0.1181	-0.2301	0.0484	0.0326	0.0713
2LZM	A	H31N	4	COR	1.71	0.5323	0.8395	-0.0234	0.0843	0.2366	0.0611	-0.0466	0.0987	-0.0458	-0.0281
2LZM	A	L66A	3.9	COR	2.09	0.4557	0.5664	0.8941	0.3221	0.1504	-0.0691	-0.231	0.0357	0.0524	-0.083
2LZM	A	F153A	3.6	COR	2.12	-0.22	0.8662	0.9313	0.3915	0.1094	0.0804	-0.0818	0.0599	-0.027	0.0129
2LZM	A	A42K	3.7	COR	1.88	0.2347	0.7891	0.1258	0.4586	-0.2144	0.1947	0.0319	0.0813	0.1328	0.0422
2LZM	A	L33A	3.6	COR	2.11	0.3598	0.6041	0.9606	0.1924	0.1593	-0.0078	-0.1789	0.0473	-0.0065	-0.0158
2LZM	A	L118A	3.4	COR	2.33	0.366	0.8268	0.9091	0.281	0.1393	-0.0405	-0.2109	0.0265	0.0769	-0.0448
2LZM	A	I58T	3.4	COR	2.07	0.4041	0.5999	0.923	0.2961	0.1651	-0.0725	-0.2379	0.0317	0.053	-0.0931
2LZM	A	I100A	3.4	COR	1.71	-0.1181	0.4419	0.8539	0.2935	0.1466	0.0346	-0.0397	0.0677	-0.0308	0.0622
2LZM	A	M106K	3.4	SUR	1.54	0.4782	0.6976	0.8234	-0.4488	0.109	-0.0112	-0.0484	0.0426	-0.0121	-0.0938
2LZM	A	Q69P	3.1	SUR	0.71	0.5684	0.6827	-0.2701	-0.3095	0.0649	0.003	-0.0291	0.0103	-0.0238	0.0087
2LZM	A	I58A	3.2	COR	2	0.4004	0.5993	0.893	0.2961	0.1541	-0.0791	-0.2462	0.0132	0.0545	-0.0868
2LZM	A	L91A	3.5	COR	2.23	0.3293	0.6159	0.9493	0.3712	0.1595	0.0126	-0.2088	0.0511	0.0055	-0.0586
2LZM	A	F104A	3.1	COR	1.8	0.4745	0.8165	0.9383	-0.1817	0.1104	-0.0647	-0.0923	0.0283	-0.0984	-0.127
2LZM	A	S44P	3.02	SUR	0.43	0.2434	0.515	0.0367	-0.1575	-0.2599	0.0145	0.0136	0.0317	-0.0034	-0.0057
2LZM	A	V149T	2.87	COR	2.19	0.548	0.6704	0.2503	0.641	0.1224	-0.0498	-0.1897	0.1325	0.0393	0.0234
2LZM	A	M6L	2.8	COR	1.05	-0.6907	1.2095	-0.1176	0.2618	0.1383	0.0645	-0.0073	0.0493	0.0845	0.0589
2LZM	A	D72P	2.67	SUR	0.47	0.5333	0.6297	-0.3541	-0.2081	-0.1959	0.0227	-0.0436	0.0754	0.0309	-0.0198
2LZM	A	I17A	2.7	COR	1.53	-0.7688	1.1308	0.7783	0.1696	0.1752	0.0376	-0.0071	0.0055	0.0305	-0.0236
2LZM	A	L46A	2.24	COR	2.67	0.0189	0.8406	0.9284	0.553	0.2079	0.0245	-0.1481	0.0981	0.1337	0.0099
2LZM	A	I29A	2.6	COR	2.11	0.4359	0.5838	0.8839	0.3296	0.1675	-0.0826	-0.2538	0.0312	-0.0892	0.099
2LZM	A	A98S	2.5	COR	2.04	0.2413	0.8101	0.0299	0.4459	-0.2433	0.204	0.0311	0.1038	0.3261	0.0959
2LZM	A	A42S	2.3	COR	1.17	0.5365	0.2127	0.0312	0.4332	-0.3045	0.1026	-0.0034	0.1024	0.0454	0.0186
2LZM	A	L99V	2.1	COR	1.51	0.223	0.3621	0.015	0.4979	0.2241	0.0609	-0.0131	0.0944	-0.0244	0.0698
2LZM	A	M106A	2.3	SUR	1.29	0.2879	0.705	0.5885	-0.4661	0.1318	0.0166	-0.0045	0.0527	0.0277	-0.0471
2LZM	A	T59G	1.8	SUR	1.32	0.578	0.7748	0.1684	-0.2258	-0.1103	0.026	0.012	0.0844	0.0233	-0.0084
2LZM	A	M6A	1.9	COR	2.2	0.4796	0.8195	0.5035	0.6555	0.0792	-0.0986	-0.2238	0.0741	-0.0358	-0.0562
2LZM	A	F67A	1.9	COR	2.76	0.4514	0.9078	1.0258	0.4004	0.1718	-0.0843	-0.1906	0.0204	0.0702	-0.0112
2LZM	A	L84M	1.9	COR	1.19	0.2266	0.2745	-0.0997	0.4883	0.2235	0.0371	0.0101	0.0895	-0.023	-0.0405
2LZM	A	A129M	1.9	COR	1.53	0.5952	0.9944	-0.5809	0.5355	-0.176	0.1854	0.008	0.2106	-0.1519	-0.0944
2LZM	A	V94A	1.8	COR	0.67	0.2087	-0.1178	0.5654	-0.0063	0.0793	-0.0499	0.0276	0.0333	-0.0579	-0.0143
2LZM	A	F153V	1.8	COR	0.48	0.0442	-0.1317	0.3765	0.0695	0.1735	-0.0253	0.023	-0.0068	-0.0209	-0.0242
2LZM	A	V111F	1.56	COR	1.24	-0.5301	1.2508	-0.2267	0.3097	0.097	0.0646	0.0189	0.0923	0.1074	0.0569
2LZM	A	I78A	1.4	COR	2.18	-0.0199	0.7721	0.9199	0.5405	0.178	0.0266	-0.1952	0.0896	-0.0352	-0.0975
2LZM	A	V87T	1.6	COR	1.36	-0.1721	0.9347	0.3099	0.4071	0.0763	0.0416	-0.1238	0.0376	-0.0221	-0.1296
2LZM	A	I100M	1.6	COR	0.72	-0.0267	0.3736	-0.0156	0.2164	0.1283	-0.0011	-0.0326	0.0356	0.008	0.031
2LZM	A	M120K	1.6	COR	1.38	-0.6333	1.0426	0.7599	0.0905	0.1356	0.0055	-0.0326	0.0076	-0.0349	0.0388
2LZM	A	I78M	1.5	COR	0.77	-0.5294	0.8447	-0.0127	0.2868	0.1376	0.0111	0.0043	0.0337	0.0128	-0.0157
2LZM	A	L99I	1.47	COR	0.77	-0.3605	0.72	-0.1035	0.3146	0.183	0.0279	-0.0203	0.0145	-0.0301	0.023
2LZM	A	V71A	1.5	COR	1.83	0.5074	0.5668	0.5194	0.2626	0.0869	-0.0211	-0.2012	0.1267	0.0161	-0.0312
2LZM	A	N101A	1.5	COR	2.32	0.5193	0.9563	-0.3815	0.733	0.1585	0.065	-0.0407	0.1287	0.1242	0.0605
2LZM	A	T152A	1.5	COR	1.16	0.2242	0.3099	-0.0398	0.4519	-0.0626	0.0616	0.0231	0.121	0.0514	0.0226
2LZM	A	V75T	1.3	SUR	0.52	0.4672	-0.1893	0.3758	-0.093	0.0591	-0.0509	-0.0021	0.0199	0.0126	-0.0789
2LZM	A	A129L	1.3	COR	1.47	0.6894	1.0217	-0.7568	0.5171	-0.1626	0.1733	-0.0192	0.2017	-0.1084	-0.0834
2LZM	A	V111A	1.3	COR	2.06	-0.02	0.6709	0.4949	0.5473	0.0995	0.0274	-0.1647	0.0987	0.1317	0.1697
2LZM	A	T59D	1.1	SUR	1.18	0.4865	0.7571	0.1813	-0.3227	-0.1038	0.0355	0.0365	0.0979	0.0135	-0.0015
2LZM	A	Q105M	1.2	SUR	0.41	0.4727	0.7744	-0.8425	-0.0859	0.0039	0.0052	-0.0546	0.0206	0.0818	0.0355
2LZM	A	V103M	1.2	COR	0.89	7.00E-04	0.5536	-0.0737	0.253	0.0951	0.0394	-0.0283	0.0696	-0.0133	-0.0014
2LZM	A	K43A	1.02	COR	0.87	0.2459	0.6199	-0.2534	0.0326	0.1791	0.0218	0.0158	0.0344	-0.0387	0.0146
2LZM	A	T59N	0.93	SUR	1.04	0.2133	0.7388	0.2617	-0.2127	-0.0779	0.0297	0.0115	0.0757	0	-1.00E-04
2LZM	A	D47A	0.74	SUR	0.51	0.2961	0.424	-0.3871	0.1703	-0.1627	0.0478	-0.0196	0.1091	-0.0093	0.0415
2LZM	A	L39A	0.9	SUR	1.1	0.1242	0.3742	0.7466	-0.4156	0.1668	0.0174	-0.0035	0.0206	0.0677	0.0014
2LZM	A	V111I	0.81	COR	0.13	0.301	-0.249	-0.3303	0.2937	0.1232	0.0309	0.0207	0.022	-0.0301	-0.0483
2LZM	A	M102L	0.85	COR	1.37	-0.4021	1.117	-0.1144	0.3066	0.1674	0.0856	0.0273	0.0712	0.1043	0.0105
2LZM	A	L91M	0.8	COR	0.71	-0.3599	0.7349	-0.0774	0.1642	0.1863	0.0102	-0.0198	0.0015	0.0465	0.02
2LZM	A	F153M	0.65	COR	0.79	-0.6276	0.7336	0.2938	0.2219	0.1031	0.0193	0.0221	0.0245	-0.0205	0.0169
2LZM	A	L121M	0.8	COR	0.04	-0.2673	0.1113	0.1261	-0.0493	0.2022	-0.009	0.018	-0.0671	-0.0043	-0.016
2LZM	A	L99M	0.58	COR	0.72	-0.5293	0.8324	-0.1184	0.2567	0.1704	0.0412	-0.0212	0.0341	0.0224	0.034
2LZM	A	T59S	0.37	SUR	0.36	-0.5305	0.8169	0.2131	-0.1037	-0.0547	0.0148	-0.0066	0.0146	0.0017	-0.0093
2LZM	A	L118M	0.7	COR	1.02	0.0022	0.6044	-0.0642	0.1874	0.2152	0.0538	-0.0239	0.0505	-0.0038	0.0014
2LZM	A	A41S	0.6	SUR	0.33	0.2439	0.205	0.0705	0.0126	-0.271	0.0265	0.0037	0.0521	-0.0023	-0.01
2LZM	A	N144H	0.15	SUR	0.14	0.3688	0.6936	-0.2084	-0.5875	0.0173	-0.0459	-0.053	0.0167	-0.0273	-0.0356
2LZM	A	K48A	0.44	SUR	0.07	0.1771	0.6977	-0.1911	-0.7013	0.0843	0.0035	-0.0046	0.0573	-0.0345	-0.0182
2LZM	A	S44G	0.52	SUR	0.63	0.4545	0.4846	0.072	-0.1557	-0.273	-0.003	-0.0112	0.032	0.03	0.0019
2LZM	A	A49S	0.5	SUR	0.26	0.2831	0.0213	0.0783	0.0524	-0.26	0.0136	0.0202	0.0338	0.0299	-0.0135
2LZM	A	F153I	0.3	COR	-0.37	-0.3066	-0.2498	0.4137	-0.2076	0.1236	-0.0739	0.0508	-0.1054	-0.0143	-0.0016
2LZM	A	T152C	0.5	COR	0.71	0.1915	0.3815	-0.3528	0.3387	-0.1041	0.0567	-0.0019	0.0992	0.1175	-0.0181
2LZM	A	A73S	0.4	SUR	-0.01	0.3725	-0.4362	0.1459	0.0727	-0.2282	0.0117	0.0565	-0.0164	0.0076	0.0078
2LZM	A	L99F	0.33	COR	1.97	0.5045	0.676	-0.457	0.6662	0.2137	0.0779	-0.0448	0.1556	0.1109	0.0667
2LZM	A	L133M	0.4	COR	0.31	-0.5905	0.5945	-0.0569	0.1925	0.1845	-0.0016	-0.0252	-0.0017	-0.0179	0.0333
2LZM	A	T152I	0.4	COR	-1.45	-0.2284	-0.1095	-0.9184	-0.1593	-0.0719	0.0332	0.0571	-0.0537	-0.0121	0.0146
2LZM	A	A82S	0.3	SUR	0.21	0.4997	0.0376	0.0953	-0.1638	-0.2253	-0.009	-0.0224	-0.0057	-0.0166	0.0162
2LZM	A	D20A	0.3	SUR	0.58	0.2802	0.8546	-0.3938	-0.0278	-0.2137	0.047	-0.0884	0.0067	0.1425	-0.0229
2LZM	A	T109D	-0.3	SUR	0.24	-0.0871	0.4953	0.24	-0.3923	-2.00E-04	-0.0239	-0.004	-0.007	0.0058	0.0103
2LZM	A	R119H	0.29	SUR	0.57	0.3906	0.5858	0.0667	-0.6028	0.2867	-0.0357	-0.0495	-0.009	-0.0438	-0.0225
2LZM	A	Q122A	0.24	SUR	-0.05	0.2729	0.1314	-0.2892	-0.2765	0.0759	-0.0073	-0.0046	0.023	0.0291	-0.009
2LZM	A	Q123A	0.22	SUR	-0.49	-0.4482	0.3652	-0.3339	-0.1063	0.066	0.0012	-0.0031	-0.0222	-0.0117	-0.0016
2LZM	A	A93S	0.2	SUR	0.14	0.3043	0.042	0.0802	-0.0806	-0.2328	0.0034	0.0217	0.0036	-0.0017	-4.00E-04
2LZM	A	M120A	0.2	COR	0.9	-0.621	0.7511	0.5863	0.0664	0.1203	0.0048	-0.0082	-0.0042	-0.0115	0.0177
2LZM	A	R119A	0.18	SUR	0.13	-0.3518	0.5451	-0.0064	-0.2591	0.2958	-0.0031	-0.0229	-0.0067	-0.0441	-0.0118
2LZM	A	R80K	0.17	SUR	0.2	-0.3302	0.5108	0.1002	-0.3542	0.2527	-0.0108	0.0017	-0.0116	0.0126	0.0296
2LZM	A	S44N	0.12	SUR	0.22	0.27	0.1961	0.2006	-0.1469	-0.2474	-0.0259	0.0047	-0.0053	-0.0143	-0.0124
2LZM	A	T115A	0.14	SUR	0.38	0.4064	0.4292	0.0525	-0.3692	-0.0395	-0.0461	-0.0521	0.004	-1.00E-04	-0.009
2LZM	A	S44C	0.11	SUR	0.38	-0.0657	0.8619	-0.2349	-0.0538	-0.2603	0.044	2.00E-04	0.0443	0.0401	0.0092
2LZM	A	S44D	0.11	SUR	0.72	0.4265	0.4768	0.2575	-0.2276	-0.2704	-0.0031	-0.0147	0.0326	0.0301	0.0154
2LZM	A	E11N	0.1	COR	0.54	0.2516	0.7559	-0.2131	0.0107	0.0952	0.0035	-0.0898	0.0086	-0.2402	-0.0455
2LZM	A	S38N	0.03	SUR	0.3	-0.0623	0.2426	0.242	0.0434	-0.2393	0.0193	0.0238	0.0026	0.0418	-0.0161
2LZM	A	A134S	0.1	SUR	0.81	0.5936	0.2843	0.0429	0.0343	-0.2595	0.0337	-0.0147	0.0709	0.0201	9.00E-04
2LZM	A	V149I	0.1	COR	0.68	0.0357	0.3338	-0.3032	0.358	0.1125	0.0451	0.0069	0.0517	0.0062	0.0348
2LZM	A	R14K	0.03	SUR	0.3	-0.4238	0.6086	0.0753	-0.2511	0.2387	-0.0046	-0.0034	0.0012	0.0633	-6.00E-04
2LZM	A	S44E	0	SUR	0.57	0.4512	0.311	0.254	-0.1987	-0.2595	-0.0028	-0.0224	0.0109	0.0191	0.0051
2LZM	A	T109N	-0.07	SUR	0.27	0.2987	0.066	0.2372	-0.3143	0	-0.036	0.0097	-0.0026	0.0199	-0.0121
2LZM	A	E45A	-0.28	SUR	0.41	0.2299	0.3895	-0.3064	-0.1298	0.1286	0.0105	0.012	0.0356	0.031	0.0126
2LZM	A	S44T	-0.01	SUR	0.09	-0.0584	0.5923	-0.1454	-0.0922	-0.2709	0.0444	0.0067	0.0217	-0.0066	-3.00E-04
2LZM	A	S44H	-0.04	SUR	0.29	0.2629	0.3836	0.1087	-0.168	-0.2603	-0.005	0.0015	0.0013	-0.0168	-0.0172
2LZM	A	S44W	-0.05	SUR	0.85	0.4356	0.8603	-0.3234	-0.1294	-0.2453	0.0545	-0.0023	0.0994	0.0852	0.017
2LZM	A	A93T	-0.06	SUR	0.39	0.4756	0.2501	-0.031	-0.1564	-0.2061	0.0125	-0.0348	0.0242	0.0581	-0.006
2LZM	A	S44F	-0.08	SUR	-0.15	-0.0711	0.8112	-0.816	0.0831	-0.2237	0.0486	-0.0284	0.0152	0.037	-0.0066
2LZM	A	E11H	-0.1	COR	0.38	0.214	0.771	-0.2536	1.00E-04	0.0882	-0.0039	-0.0999	-0.006	-0.2846	-0.0412
2LZM	A	S44V	-0.1	SUR	0.07	0.4685	0.3549	-0.5389	-0.038	-0.2254	0.0411	-0.0293	0.0388	0.0099	-0.0108
2LZM	A	N116A	-0.17	SUR	0.64	0.5333	0.6985	-0.2352	-0.3804	0.0432	-0.0118	-0.0511	0.0292	-0.032	0.0475
2LZM	A	S44Y	-0.19	SUR	0.19	0.4341	0.5828	-0.7097	-0.0283	-0.2022	0.048	-0.045	0.0434	0.0744	-0.0034
2LZM	A	N40A	-0.32	SUR	0.16	0.1926	0.6916	-0.2062	-0.6147	0.0713	-0.0152	0.0104	0.0491	-0.0157	-0.0036
2LZM	A	S44K	-0.2	SUR	0.06	-0.0514	0.3085	0.0909	-0.0666	-0.2389	0.0072	0.0057	-0.0066	0.0261	-0.0132
2LZM	A	F153L	-0.29	COR	0.63	-0.3621	0.2917	0.3029	0.195	0.1554	0.0045	0.0482	0.0207	-0.0319	0.0024
2LZM	A	T152V	-0.2	COR	-0.74	0.2103	-0.4509	-0.5069	-0.1163	-0.0022	0.0372	0.1196	-0.0687	0.0203	0.0211
2LZM	A	S44R	-0.22	SUR	0.08	0.2763	0.1815	0.0649	-0.1281	-0.2501	-0.0116	6.00E-04	-0.006	-0.0303	-0.0203
2LZM	A	S44Q	-0.27	SUR	0.23	0.2644	0.2574	0.1903	-0.1692	-0.2513	-0.0279	2.00E-04	-0.0043	-0.0141	-0.0126
2LZM	A	A41D	-0.29	SUR	0.87	0.2129	0.4714	0.3768	-0.0183	-0.2717	0.0157	0.0052	0.067	-0.0031	0.0113
2LZM	A	G113E	-0.3	SUR	0.62	0.2534	0.5146	0.1736	-0.0853	-0.2397	0.0149	0.0138	0.0397	0.0024	-0.0624
2LZM	A	S44I	-0.31	SUR	-0.1	0.4493	0.3409	-0.7428	-0.0285	-0.1941	0.0477	-0.0358	0.0447	0.0245	-0.0071
2LZM	A	S44M	-0.33	SUR	-0.19	0.205	0.4056	-0.6493	0.006	-0.2314	0.0559	-0.014	0.0267	0.0145	-0.0068
2LZM	A	S44L	-0.4	SUR	-0.25	0.1867	0.4842	-0.8237	-0.0014	-0.2049	0.0403	-0.0181	0.049	0.0419	-0.0019
2LZM	A	T151S	-0.39	SUR	0.46	-0.0125	0.1685	0.1846	0.0517	-0.0162	2.00E-04	0.0391	0.0238	0.0183	-7.00E-04
2LZM	A	N40D	-0.44	SUR	0.09	-0.0788	0.6247	0.0905	-0.5189	0.0568	-0.0323	-0.0273	-0.0136	0.0025	-0.0162
2LZM	A	M106L	-0.5	SUR	0.54	-0.5304	0.9322	-0.0252	-0.1038	0.1184	0.0537	0.0222	0.0262	0.0797	-0.0342
2LZM	A	M120L	-0.5	COR	0.41	0.0483	0.2001	-0.122	0.1064	0.2099	0.0202	-0.0286	-0.002	-0.0296	0.0105
2LZM	A	E22K	-0.57	SUR	0.49	0.2502	0.5682	-0.2149	-0.3656	0.0974	0.0011	0.0113	0.0515	0.0958	-0.007
2LZM	A	T26S	-0.57	COR	1.78	0.251	0.9273	-0.0088	0.3924	-0.1246	0.1096	0.0107	0.1133	0.0431	0.0615
2LZM	A	D20S	-0.7	SUR	0.37	0.2677	0.7139	-0.4094	-0.0259	-0.2356	0.0272	-0.085	0.0043	0.14	-0.0239
2LZM	A	E108V	-0.95	SUR	-0.83	0.0353	-0.4696	-0.8076	0.2719	0.1978	0.005	0.0139	-0.1103	0.0303	0.0063
2LZM	A	D20T	-0.9	SUR	0.27	0.1223	0.7472	-0.3925	-0.044	-0.2245	0.039	-0.1001	0.0037	0.1244	-0.0091
2LZM	A	S117A	-1.27	COR	0.64	0.5512	0.2288	-0.2059	0.3496	-0.369	0.0842	-0.0285	0.0748	-0.0528	0.003
2LZM	A	D20N	-1.3	SUR	0.74	0.5099	0.7331	-0.253	-0.091	-0.2549	0.0278	-0.0543	0.0363	0.118	-0.0327
2OCJ	A	Q104H	-0.24	SUR	0.24	0.5473	0.2179	-0.2291	-0.2911	0.0947	0.005	-0.0088	-0.0194	-0.0071	-0.0727
2OCJ	A	Q104P	-0.11	SUR	-0.81	-0.4203	-0.838	0.0335	0.3686	0.1539	-5.00E-04	0.0602	-0.1057	0.0536	-0.1175
2OCJ	A	T123A	0.13	SUR	0.79	0.3765	0.7313	0.0117	-0.2043	-0.0798	0.0435	-0.0473	0.0131	-0.0087	-0.0457
2OCJ	A	A129D	0.7	SUR	0.26	0.5182	-0.4079	0.3474	0.0112	-0.2307	0.067	-0.0386	0.053	-0.0369	-0.0193
2OCJ	A	A129E	0.38	SUR	0.1	0.396	-0.5815	0.35	0.095	-0.2429	0.07	-0.0164	0.0586	-0.0435	0.01
2OCJ	A	A129S	0.19	SUR	0.09	-0.0517	0.111	0.1598	0.0391	-0.2172	0.0153	0.002	0.0168	-0.0318	0.044
2OCJ	A	M133L	-0.3	COR	-1.05	-0.3003	-0.4666	0.0439	-0.3101	0.1855	-0.0471	0.0022	-0.1029	-0.0799	0.0211
2OCJ	A	F134L	4.78	COR	1.82	-0.1303	1.0095	0.1472	0.4444	0.1571	0.0917	-0.0719	-0.0233	0.1073	0.0877
2OCJ	A	V143A	3.5	COR	2.57	0.5374	0.6236	0.5387	0.6507	0.1368	0.2552	-0.2322	0.0544	-0.0869	0.0892
2OCJ	A	L145Q	2.98	COR	2.55	0.515	0.5576	1.0124	0.5545	0.1383	0.2244	-0.2799	-0.161	-0.0161	0.0054
2OCJ	A	D148E	0.43	SUR	-0.07	-0.3351	0.3335	0.0312	0.0131	-0.0715	-0.0057	0.0101	-0.0617	0.006	0.0123
2OCJ	A	D148S	-0.22	SUR	-0.83	-0.2782	-0.469	-0.3616	0.2437	0.0572	-0.0376	-0.0035	-0.0369	0.0324	0.0252
2OCJ	A	T150P	0.08	SUR	-0.47	-0.408	-0.5174	0.1735	0.3081	-0.0293	-0.0267	0.029	-0.048	0.0468	0.0014
2OCJ	A	P151S	4.49	COR	1.42	0.4208	0.8932	-0.0631	0.2496	-0.1055	0.1871	-0.0762	-0.0105	-0.0311	-0.0457
2OCJ	A	V157F	3.88	COR	0.84	0.5482	0.5306	-0.6974	0.3931	0.078	0.0814	-0.1098	0.0128	-0.0406	0.0438
2OCJ	A	Q165K	1.27	SUR	-0.48	0.0122	-0.9077	-0.0203	0.2315	0.1435	0.0281	-0.0052	0.0097	0.0076	0.0173
2OCJ	A	Q167E	0.43	SUR	-0.26	-0.3897	-0.5279	0.2129	0.3546	0.1312	-0.0319	-0.0068	-0.0337	0.0161	0.0151
2OCJ	A	H168R	2.75	SUR	1.08	0.5062	0.7936	-0.1234	-0.169	0.1037	0.0299	-0.074	0.0115	0.0051	-0.0025
2OCJ	A	R174K	0.22	SUR	0.31	-0.3236	0.37	0.1012	-0.1156	0.2833	0.0194	-0.0123	0.0018	-0.0166	0.0069
2OCJ	A	R175A	0.73	COR	1.93	0.5661	0.7689	-0.339	0.469	0.3466	0.1274	-0.0655	0.0196	0.0107	0.0253
2OCJ	A	C182S	-0.16	SUR	0.15	-0.026	-0.3077	0.4036	0.0324	-0.0339	0.0322	-0.0106	0.0439	0.0269	-0.015
2OCJ	A	I195T	4.12	COR	2.06	0.3319	0.587	0.9434	0.281	0.175	0.1534	-0.2099	-0.0866	-0.0539	-0.0628
2OCJ	A	L201P	-0.35	SUR	0.22	-0.3901	-0.0617	0.5554	-0.0106	0.1416	0.0332	-0.0161	-0.0401	-0.0105	0.0178
2OCJ	A	V203A	-0.49	COR	-0.47	-0.4749	-0.5725	0.532	-0.1578	0.1168	-0.0512	0.095	-0.0527	0.0839	0.0162
2OCJ	A	L206S	0.1	SUR	1.11	0.343	0.3337	0.734	-0.4239	0.1189	0.009	-0.0141	0.0433	-0.0339	-7.00E-04
2OCJ	A	Y220C	3.98	COR	2.87	0.4649	0.9227	0.8786	0.4353	0.1295	0.172	-0.1591	-0.1129	0.0786	0.0647
2OCJ	A	D228E	-0.05	SUR	-0.75	-0.314	-0.5827	0.0239	0.3736	0.0446	-0.0572	0.015	-0.1073	-0.1203	-0.0278
2OCJ	A	I232T	3.19	COR	2.09	0.03	0.6854	0.9429	0.3871	0.1749	0.074	-0.1428	-0.1274	-0.0212	0.0885
2OCJ	A	Y236F	-0.27	COR	-0.65	-0.1644	-0.4803	-0.0297	-0.065	0.1986	-0.0059	0.0043	-0.0637	-0.0312	-0.013
2OCJ	A	M237I	3.18	COR	1.57	0.4246	0.6444	-0.2239	0.3509	0.2538	0.0843	-0.1102	8.00E-04	0.1195	0.0228
2OCJ	A	N239Y	-1.49	SUR	0.5	-0.0596	1.1323	-0.8767	0.047	0.0929	-0.0258	-0.0488	0.0873	0.0435	0.1086
2OCJ	A	G245S	1.21	COR	1.32	-0.1017	1.3162	-0.0287	0.176	-0.2627	0.1176	-0.0408	0.0052	0.2234	-0.084
2OCJ	A	I255F	3.29	COR	0	-0.7368	0.8408	-0.3947	0.169	0.1479	-0.0485	0.0226	-0.0462	0.0105	0.0378
2OCJ	A	S260P	0.32	SUR	-0.26	-0.2304	0.0161	0.0658	0.2075	-0.2177	-0.0471	0.0062	-0.0271	-0.0408	0.011
2OCJ	A	N268D	-1.21	COR	0.94	-0.3864	0.805	0.2758	0.1185	0.0772	-0.0359	-0.0164	0.0601	0.0151	0.0259
2OCJ	A	F270C	4.54	COR	2	-0.0242	0.8578	0.8606	0.436	0.0738	0.0926	-0.1405	-0.1587	0.0095	-0.0115
2OCJ	A	R282W	3.3	COR	0.7	-0.5348	1.2167	-0.2778	0.1073	0.2962	-0.0588	-0.0242	0.0325	-0.0146	-0.0451
2Q98	A	H27A	-0.09	SUR	0.72	0.5259	0.7247	-0.1091	-0.3254	0.0812	-0.2893	-0.027	0.0809	0.0028	0.0513
2Q98	A	H30A	-3.1	COR	0.81	0.3322	0.6709	-0.2019	0.2102	0.1676	-0.4512	-0.0676	0.1639	-0.0386	0.0241
2Q98	A	H46A	0.11	SUR	0.39	0.5599	0.4381	-0.1372	-0.4749	0.0895	-0.1506	-0.005	0.0601	0.0107	7.00E-04
2Q98	A	H59A	-2.26	COR	1.24	0.5506	0.7401	-0.2471	0.2184	0.1572	-0.373	-0.0618	0.2153	0.0258	0.0158
2Q98	A	H97A	-1.07	COR	1.11	0.5659	0.7265	-0.2109	-0.0194	0.1219	-0.3125	-0.0505	0.1523	0.0884	0.0446
2Q98	A	H138A	-2.04	COR	1.22	0.5466	0.7172	-0.2425	0.1995	0.1629	-0.4189	-0.0652	0.2101	0.0922	0.0134
2Q98	A	H173A	-0.24	COR	0.73	-0.3391	1.1034	-0.1758	0.1716	0.1333	-0.3189	-0.0027	0.1115	0.019	0.0264
2Q98	A	H180A	-1.39	SUR	0.63	0.4668	0.7405	-0.0982	-0.2826	0.0661	-0.2769	-0.044	0.0754	-0.0271	0.0141
2Q98	A	H195A	0.03	SUR	0.75	0.4122	0.7616	-0.1111	-0.2226	0.0754	-0.2253	-0.0198	0.1188	0.008	-0.0492
2RN2	A	R27A	2.2	SUR	0.76	0.4749	0.6914	-0.1154	-0.2054	0.4067	-0.0691	-0.0795	-0.3232	0.0308	-0.0513
2RN2	A	I53A	2.1	COR	2.84	0.4626	0.8926	0.9571	0.6906	0.2111	0.0227	-0.2952	0.0439	-0.0579	-0.0858
2RN2	A	H62P	-1.02	SUR	0.12	-0.1769	-0.7056	-0.0015	0.3946	0.1605	0.0717	0.1338	0.3239	-0.0797	0.0014
2RN2	A	Q105G	2.2	SUR	0.44	0.5105	0.7446	-0.1059	-0.2697	0.064	-0.0671	-0.0848	-0.34	-0.0046	-0.0047
2RN2	A	A52K	5.9	COR	1.96	0.6538	0.8568	0.2473	0.5215	-0.234	0.0584	-0.0661	-0.0894	-0.0532	0.0609
2RN2	A	A52P	1.6	COR	1.25	0.3591	0.8735	0.0555	0.4978	-0.2483	-1.00E-04	-0.1179	-0.1324	-0.0836	0.0478
2RN2	A	Q113P	0.4	SUR	-0.11	-0.3554	0.6107	-0.2207	-0.2126	0.0933	-0.0309	0.0097	-0.0519	0.0344	0.0119
2TRX	A	P34S	0.1	SUR	-0.25	0.4896	0.6969	0.0512	-0.1634	0.044	-0.307	-0.0048	-0.1377	-0.9569	0.0388
2TRX	A	P76A	3.9	COR	0.83	0.5441	0.7391	-0.2172	0.2644	0.028	-0.4823	-0.059	-0.0143	0.0146	0.0105
3C7W	A	K96R	0	SUR	-0.13	-0.1812	-0.2549	0.0217	0.0996	0.1173	-0.0286	0.0049	0.0526	0.0518	-0.0156
3C7Y	A	A96R	-2	COR	-1.27	-0.2427	-0.8996	0.332	-0.3946	-0.1558	0.0026	0.0807	0.0235	-0.0114	-0.0064
3C80	A	Y96R	-4.7	SUR	-0.34	-0.3206	-0.8948	0.5001	0.202	0.0311	-0.0902	-0.0969	0.194	0.1109	0.0268
3C81	A	A85K	-0.6	COR	-0.23	0.4094	-0.7363	0.3602	-0.2269	-0.2103	-0.0246	0.0818	0.0667	0.0274	0.0191
3C83	A	A89D	-0.5	SUR	-0.25	0.0073	-0.6463	0.3607	0.1295	-0.2003	0.0152	0.0577	0.0807	-0.0611	0.0035
3C8Q	A	D96R	-3.5	COR	-1.48	-0.2852	-0.8994	-0.2893	-0.1281	0.0666	-0.0477	0.0055	0.1123	-0.0066	-0.0034
3C8R	A	G96R	-2.6	COR	-1.67	-0.2518	-0.9591	0.2472	-0.4756	-0.3411	-0.0078	0.0971	0.0403	-0.0729	0.0496
3C8S	A	E96R	-2.5	SUR	-0.71	-0.2033	-0.64	-0.2379	0.0621	0.1662	-0.0169	0.0257	0.1316	-0.0018	0.0025
3CDO	A	V96R	-2.4	COR	-0.68	-0.3966	-1.048	0.5806	-0.1478	0.133	-0.0434	-0.0308	0.1897	0.0453	0.0341
3CDQ	A	S96R	-2.6	COR	-1.18	-0.2349	-0.8573	0.2475	-0.2515	-0.1212	-3.00E-04	-0.0097	0.0697	-0.0183	-7.00E-04
3CDR	A	Q96R	-0.3	SUR	-0.31	-0.1915	-0.1622	-0.1351	0.0092	0.1216	-0.0186	0.0043	0.0502	0.0143	5.00E-04
3CDT	A	N96R	-3	COR	-1.38	-0.255	-0.942	-0.0691	-0.2453	0.167	-0.0585	-0.0158	0.0942	-0.0402	-0.011
3CDV	A	M96R	-2.7	SUR	-0.17	-0.2885	-0.8414	0.5262	0.1487	0.1527	-0.0466	-0.0485	0.1224	0.0953	0.0114
3D2A	A	M134E	-0.66	SUR	-0.03	-0.3356	-0.1576	0.4975	-0.079	0.1166	-0.0952	-0.0057	0.0247	-0.0017	0.0091
3D2A	A	M137P	-0.98	SUR	-0.54	-0.4573	-0.7384	0.3528	0.1547	0.1715	-0.1507	0.034	0.1166	-0.0111	-0.0077
3D2A	A	S163P	0.25	SUR	-0.07	-0.5256	0.7672	0.0871	-0.112	-0.2296	-0.0231	0.0358	-0.0527	-8.00E-04	-0.0121
3FI5	A	W96R	-4.5	SUR	-0.38	-0.1997	-0.9319	0.2076	0.2464	0.1184	-0.1274	-0.0238	0.2242	0.0459	0.0567
3MBP	A	P48S	0.3	SUR	0.87	0.2598	0.6307	0.0232	0.0233	-0.0348	0.0015	0.0134	-0.0963	0.0355	0.0102
3MBP	A	I59A	1.2	COR	2.7	0.4651	0.6613	0.9633	0.7002	0.2132	-0.2251	-0.2449	0.044	0.0042	0.1222
3MBP	A	I108A	3.15	COR	2.23	0.0776	0.7714	0.9043	0.3955	0.1848	-0.0711	-0.1712	0.0132	0.025	0.1005
3MBP	A	L115A	3.1	COR	2.65	0.5013	0.7546	0.9355	0.5649	0.1282	-0.1981	-0.1977	-0.0165	0.1263	0.0529
3MBP	A	P133S	0	SUR	1.14	0.5036	0.7041	0.0287	-0.025	-0.0367	-0.07	0.0408	-0.1132	0.0402	0.0691
3MBP	A	L147A	3	COR	2.09	0.5204	0.6064	0.9396	0.3361	0.1363	-0.1309	-0.2083	-0.013	-0.0315	-0.0648
3MBP	A	P159A	1	COR	1.14	-0.009	1.1785	-0.1106	0.3007	-0.0176	-0.0528	-0.0283	-0.1048	0.0261	-0.0383
3MBP	A	P159S	1.7	COR	1.25	0.2826	0.9911	-0.074	0.3607	-0.0062	-0.0947	-0.0519	-0.1033	0.0486	-0.1014
3MBP	A	I161A	3.25	COR	2.25	0.3556	0.6247	0.9462	0.3857	0.1773	-0.162	-0.1875	0.0174	-0.0221	0.1115
3MBP	A	L192A	3.1	COR	1.97	-0.2408	0.7355	0.8834	0.4751	0.1665	-0.0198	-0.0882	0.0153	-0.0148	0.0529
3MBP	A	L195A	4.2	COR	2.29	0.0616	0.7552	0.9246	0.5493	0.1656	-0.0836	-0.1779	0.0147	-0.0299	0.1135
3MBP	A	I226A	4.95	COR	2.26	0.4119	0.7211	0.9321	0.385	0.1918	-0.2297	-0.2458	0.0144	0.0368	0.0469
3MBP	A	V347A	2	COR	1.86	0.5372	0.5817	0.5476	0.4231	0.1072	-0.1313	-0.2263	0.0021	-0.0321	0.0489
3MBP	A	L361A	2	COR	1.47	-0.6453	1.1414	0.7425	0.2553	0.165	-0.0221	-0.0989	-0.016	-0.0214	-0.0343
451C	A	V13M	-0.4	SUR	-0.44	-0.4842	-0.5337	0.0141	0.2839	0.0942	-0.0142	0.0459	0.1606	-0.0085	0.0035
451C	A	Q37R	-0.5	SUR	0.33	0.2264	0.7445	-0.1895	-0.5421	0.0956	0.0299	0.0603	-0.1516	0.0498	0.0094
451C	A	E43Y	-0.6	SUR	-0.32	-0.5123	0.7271	-0.7058	0.0501	0.1564	-0.0171	0.0855	-0.0531	-0.0505	0.0016
451C	A	V78I	-1.06	COR	-0.29	-0.5274	0.36	-0.227	0.0081	0.0686	-0.0852	0.0898	-0.0229	0.0477	0.0014
451C	A	F7A	-1.1	COR	-0.34	-0.445	-0.6989	0.837	-0.1789	0.0178	-0.1061	0.0614	0.1558	0.0275	-0.014
451C	A	F34Y	-1.9	COR	-1.17	-0.2918	-0.8082	0.1773	-0.2319	0.0803	-0.0615	-0.008	0.0542	-0.0782	-0.007
4LYZ	A	K13D	6.7	SUR	0.78	0.1836	0.8064	0.0964	-0.2564	0.1279	-0.0131	0.0183	-0.1684	-0.012	-0.0051
4LYZ	A	P70N	2.15	SUR	0.56	0.4773	0.7293	0.0807	-0.5981	-0.0209	0.0554	0.0065	-0.1532	0.0078	-0.0258
